1 65539 393225 
1769499 7077969 26542323 
95552217 334432395 1146624417 
1722371299 14608041 1766175739 
1875647473 1800754131 366148473 
1022489195 692115265 1392739779 
2127401289 229749723 1559239569 
845238963 1775695897 899541067 
153401569 1414474403 663781353 
1989836731 1670020913 701529491 
2063890617 1774610987 662584961 
888912771 1517695625 1105958811 
1566426833 1592415347 1899101529 
1357838347 1792534561 682145891 
844966185 1077967739 1010594417 
656824147 1288046073 1816859115 
1456223681 975544643 1337189321 
1390717787 604570129 1848378931 
1354175129 79574987 1174775649 
2037511715 1652089449 164865851 
1152775601 1137893651 747348793 
685500843 1681833217 1774008067 
1950000393 28897051 1950731601 
706897907 1717188569 1793566603 
1749153441 795272163 1914153897 
32506619 147523825 592583379 
80302201 1591013739 233428033 
2113830083 1992193609 1518625499 
1919428753 2143910323 2031054105 
1481066315 1344329185 1178829219 
1416463593 36802235 357542961 
1814037651 1223888313 1754409259 
1658944385 606433923 1593005961 
1952646811 1673794513 1058880371 
2026549849 481892107 1832273185 
214159203 1974365737 1328827003 
941088625 129539667 897374969 
2070909163 54112961 1013848131 
1301104841 829479515 1856868113 
1528409395 1048577945 1125717707 
1612072033 1688456483 2064541545 
1486108219 1073193649 1654122515 
265992249 1741236395 1611037185 
437546499 1010846217 2127158811 
1517853265 700108531 1277390041 
1363363467 978637729 44006115 
46231721 2028818939 1019409905 
741990867 1719707001 1492840555 
2069614913 1129608131 1036016457 
344592859 1333343633 603758771 
212394521 135505483 1048965857 
779278499 1677429225 903585211 
1062066481 387615635 1357030073 
358672427 676182145 829041027 
1036090505 902657435 386097361 
635118195 335832921 593901067 
540910113 47834723 1861268265 
2147162491 426527857 414573907 
796176377 1045893099 1257254849 
277974851 1089973705 1890584923 
1533746193 777147443 1596587161 
437712331 1141891425 764453923 
752151657 1927791931 502419377 
696774419 1806355769 272197547 
408368897 435459 622259977 
1582157083 1745119057 526267891 
336437721 1577182603 2140188833 
793973219 534525353 356360443 
1622401777 84715731 939063929 
576974699 1452723777 1376086723 
1624457289 1656930523 1763918481 
2113587123 1101223705 469960011 
1498681313 467480483 54169321 
412658875 1988429361 1774195347 
1339242425 657631019 482538881 
1271521411 1138794889 1831527579 
740011473 841222515 534715481 
2079741195 1223556897 1508572515 
186906665 429189243 892975473 
1495149651 934118649 738299627 
317697217 1703937603 921899721 
933378139 1598138641 1188428595 
1337258393 1622660299 1995603553 
1664645923 617378153 1607357499 
1940257969 1470297619 2096882233 
1496098475 842068993 177462275 
2076087305 121945115 1374237777 
705469683 454612697 673416331 
2096467361 75606243 912784041 
501280763 1235079153 751464403 
1983008633 839904875 77253441 
1494311363 1828136265 1814982619 
879120273 1824779955 889113625 
1796564043 629877985 495093411 
1596625897 828947387 1341469489 
588290451 46451897 1426548267 
1698771585 1648662403 1045481097 
24859547 1477245649 49803379 
2035994969 1030321163 742874145 
1626805347 927481129 1661056891 
1619011185 1207006035 1260870137 
997133803 1077422529 1785298243 
1014986697 759654235 1865496081 
61121075 757130905 1845212107 
2109610849 345723427 267712105 
642245435 1444063665 736689427 
13498169 2040718763 1385410817 
683414275 221722889 1622059803 
1294401873 1757807603 1044712409 
1185424267 2005101217 1361788899 
862240681 1507278587 1283505393 
577976019 506242169 2130636139 
1785186369 125327555 1865157193 
1473060571 641883281 1331172787 
62603545 1279968075 673925601 
1113775523 617322729 122407611 
1620992049 34349203 649552313 
1440687403 650669953 1675251331 
2047994761 1505673883 1339508689 
928438131 2104985177 2126484235 
256489761 1727933283 1616740905 
591496827 1883214705 1680849491 
1726099193 1671400683 935962305 
1310585923 1587338441 2023724635 
3785489 1136544051 342743961 
417501899 1567799393 1354311971 
458128233 1297379899 1513641649 
1700398099 874581049 681321643 
511667713 1233078787 645979657 
1368103451 247320145 2055891699 
1519534297 1351598731 876234657 
1682953955 64128169 270568955 
1046260209 1694957011 753400185 
3206251 1828570433 205148099 
1953623881 1285475803 867658129 
79117491 1255716377 379789899 
1714710241 427701411 18718185 
557963707 1031834929 1169336211 
2024470201 1622795307 106474625 
1066075523 1143214217 1559572891 
1215993041 1849736819 154483545 
1459139083 922031649 989872739 
1935918889 559175035 964165745 
752419155 131990521 462621675 
1587815361 1068329795 709575113 
1084933467 123424785 1713565747 
580636825 946631115 454055265 
647102499 1943601257 1542717755 
353829809 1123420947 1408573753 
488137643 989080321 1541243139 
345735945 1088129307 1269668689 
2119815667 1291875801 1557815691 
2014979233 217017827 347163049 
129817851 1949406961 1938146515 
526667385 749071211 1901904449 
374818499 164156489 1906539739 
1371895441 1809933235 660024089 
555647307 1688634337 836012963 
555786985 105572539 2073803313 
755248787 899648441 748135211 
686942593 1683405955 1770468745 
1914609819 1995891153 1186309491 
2039738457 1561645323 1749644065 
738023779 1566247977 607790203 
287927665 552421459 723179769 
1514769131 432513217 1847059011 
747284169 745075803 2039864593 
1238538035 1957348761 597250251 
999748193 623236899 1184138601 
1495699515 464433329 62722579 
491402809 236429995 1290921985 
1322694659 612837385 362706971 
955672657 322189555 1922018009 
42467467 136511905 436864227 
1392578217 128723963 1124041713 
1290767315 1923195769 2069752427 
1552203585 1422867907 1009826121 
1843080155 1970045841 1675004595 
909549593 1119674443 679583969 
442884771 836020201 1030158267 
804251441 1996535187 445980857 
1886937643 865347201 1094546307 
926636681 3870619 273428177 
1605733491 731096409 672395275 
1749471265 150302819 188961065 
1928524667 1280563825 1064079187 
1301851641 381880811 1312038337 
140335427 1918569417 1658463067 
1273588241 1305296435 664451737 
828977099 1141280609 1534373411 
1082198633 1273765691 50290097 
1722751251 1293962041 848945579 
2037949697 292220675 591645961 
919889691 194524497 1478074355 
675274713 1486397323 693427873 
1520409571 734122921 1458469627 
2143711473 1883525843 597686393 
1666771307 326483009 1990341827 
413769289 1749408475 330076305 
1268167091 343348505 1384005451 
918928865 1647458723 1614392553 
1301677755 1870468145 1655192723 
1686877625 1666982187 1262445441 
1161767555 2051047305 1850375835 
1232763857 1480618867 2083805785 
1324748555 2079141153 552109923 
1780258345 1417593467 1073170289 
123131475 1817674489 1207929067 
1625922241 1031655491 146567369 
184439387 1935013649 1360192819 
1483452313 953945803 962538593 
1484686627 245272425 994356795 
1611205297 718020627 544694329 
1100947627 1703436801 312092163 
1574007305 192763419 2022900305 
1812596467 1259410649 1980513931 
548387745 498086627 200513705 
1015269883 2139512305 1552161235 
794774905 1536616555 2066725185 
718285763 741573449 132352475 
562404753 35772595 1595443737 
660774475 343071457 406425763 
1498395113 1037571515 1329807665 
788186003 1350781625 1011015723 
351510657 1599857027 2140578953 
592244123 1468123345 1331059315 
1215696729 1757097483 1748797985 
1121361507 1726405417 266178939 
1091810417 2007768403 72833017 
1694435307 921180097 1014581059 
2091832777 1272283483 1692107793 
849579059 605922457 284290507 
547408225 725834787 1575818345 
774913339 1204533169 252978963 
1414493497 1915183019 908140289 
1097096451 556799753 2056865051 
887541585 1845849587 939739609 
1910693259 859019425 842779107 
1620467113 2137790715 390023921 
279896275 316646009 1528293227 
2024977985 542712515 63858761 
1941190875 334998161 1719140275 
857407257 409599307 1183381473 
1266411427 1243002601 355280059 
1682075185 452479635 461103033 
841785131 900783489 2123602051 
339593609 105012379 1868699089 
1677148531 1834533977 207834379 
1916069665 1035973987 1856118825 
1812947067 615063921 258761811 
311962873 1690404587 892310721 
877641283 1530018505 1281339483 
360321297 1367290675 665885081 
279629003 2127259233 1656959779 
1533843817 732875835 1330078897 
1384590867 631802425 2066914987 
272817153 214537219 979352585 
1797796891 1972608081 2097927411 
1276542681 1662811275 635467169 
1732403427 380248745 1722247163 
468793329 197437395 1260451705 
1490806379 1895740225 104667587 
746212681 1387784155 1610790801 
1469654707 763261977 2090097739 
1376261345 184106659 1603189737 
1519727547 1132108593 1705038227 
41252025 2082037291 1383537281 
300306307 87420553 2116733851 
1176199889 891496563 1205631321 
1357802507 1591100449 1621347427 
1850631465 806629243 1068994161 
1301785427 337248761 1044841963 
1086329281 1409365315 826712009 
865918811 2050072081 212195891 
2395801 252095435 1491010401 
234752547 874323561 985684795 
192680369 874853651 1367514937 
331406763 418224385 1674169091 
1986027785 1143612187 1872324945 
941439987 1682617305 1622743947 
1035358881 197392355 456058793 
959821563 1654400241 1288007379 
1428376697 1273161067 1226027073 
192680131 859255369 1273927387 
2057749649 881151411 1799547161 
719436619 1005597153 1706136995 
1186447593 353387195 32229425 
1307859091 1114638777 1359551787 
273045377 139724419 528421769 
1913010843 279818193 1641680755 
889269849 1297910539 1931518241 
2055398243 1391176233 585891451 
1732180849 825094739 98359033 
1754236139 1050250945 1250798659 
200017097 680332891 134359825 
1125613875 1249477529 1661307595 
870031457 1005838627 352232297 
1650780731 292142769 1928215571 
350073913 1926372523 1965118977 
895812099 573703689 1822364187 
1475884625 1043964659 1570760921 
28883595 1068838817 1858113251 
1529130153 1041696251 1077940721 
1387345363 770089337 724362347 
1710337345 1595279299 621090633 
106448347 1491325329 1547465907 
157834777 2052201035 155274977 
1789193379 747750889 1268666811 
882242865 317906835 409706169 
1744559147 337548417 1356643715 
806959241 1221896603 68746449 
152827507 298247001 414034443 
1947467297 1516042851 158986025 
194432379 1883203697 959396179 
1692445689 1520108523 331090881 
1190470467 2015521225 1378893147 
871086097 1406412851 598702233 
1671915979 348208481 2074392611 
722544745 698120507 1980787633 
1306673939 750373177 1332108203 
1239290625 1889220867 181709577 
1267138843 1672479569 778111475 
353770969 1562073483 1893534881 
1597515235 1133212073 1011569915 
165478129 478674131 1382741625 
1840898923 748202561 806026947 
249822281 687142107 1874452113 
767466419 619631385 1105557835 
1056664545 684934051 1042074345 
88039611 1886986801 1939629715 
1097348025 2012322603 50319745 
1518367875 67394953 1771444379 
1432177105 1239997811 992843865 
1239533835 649091873 1328681315 
2130261033 823434363 800642417 
1687912531 774209785 191464171 
623347905 2016909891 48877257 
1468427355 1928217873 500944691 
684092825 1743538379 9427553 
1544589091 592751977 392628283 
1315969201 67193363 1444339257 
1618844331 1008979969 74215427 
2101891081 1205989403 1203818577 
663974131 1739412185 165738635 
372107681 740998371 1097021097 
2060624891 343075825 692700115 
1068518265 176808555 34121537 
760935875 2111037769 1522836443 
875096977 134988467 1523992601 
1486608459 1646168289 792500899 
676909033 1223913403 1251299121 
787541395 2053490873 938105387 
32116353 339684227 1749058185 
994740123 964335313 1128318067 
238374233 2012801035 1341503521 
671230051 543783209 1516596091 
2058044017 846382931 1588286969 
1912275435 1474037185 223678787 
960639945 1603246939 973722129 
3044915 1992188569 1188308939 
2085058401 1815569955 717828713 
851744571 797492657 1414222099 
1307898681 1561844139 1894944001 
1608034051 1183642889 1219485467 
959094097 1221646323 845514713 
520722315 1957152417 613962723 
1101790121 1085076219 889313521 
2012646099 1924571257 2023547243 
1262593089 101051587 2127873609 
1120359131 456194193 1243867571 
1209974041 360003403 2007672289 
216068515 407229673 498761403 
1474985009 66090131 6577593 
1592138027 903695233 1830347395 
701343625 619837083 1701897169 
337881971 1742602841 972228363 
887362849 869089123 1523236393 
1317616251 639020913 565513811 
1936861945 89096427 282690241 
894273603 673945801 290179675 
2118016785 1506549043 714561433 
1465845451 216536161 991509795 
1852749673 45426235 777679537 
2109757459 1364461625 2083854507 
222972417 1910496771 866294281 
888196635 1827498577 823738099 
1379843289 865416843 1363846049 
394324707 828752041 1423589883 
1082770929 126767571 1753085305 
787669099 1833148737 1762386883 
518433609 134021595 433194385 
1392971955 164114969 1332844107 
77578977 1354778787 988010985 
177507771 762882353 832240531 
274985657 602200107 1138329729 
1410177411 363580553 227304859 
239087825 1536266867 623359833 
651175435 444297761 1100174947 
454886185 1417677179 117120113 
828527955 1769603065 1013383147 
891289537 522256195 1554382281 
331020635 881585169 162841651 
1632717977 1888282059 930197857 
1471550499 457522281 238597435 
1608851377 1063280403 489954617 
1960138667 908789505 696390915 
294207241 1940176155 403257169 
2137826803 607711705 1585698187 
1897300129 1407484387 2106623401 
2119864571 202027761 1460738259 
503728761 613146475 1292803649 
91019971 1795788873 1365618907 
621548177 28653491 1020438297 
1569781067 234741729 165322659 
1026744041 377593019 1614796337 
1995473555 1734641593 1038522155 
1356776833 941445251 2027614601 
1545196699 1760067025 948599155 
588409945 1435518219 1169936161 
542403939 1314932777 860477563 
1918404977 1618648147 1036178681 
239173355 699366593 2043639363 
1672569545 232597595 1374845201 
1860725555 938230169 1767752907 
14962273 1359866659 1582088553 
1548698683 1495846065 1479239187 
1855271481 2113443499 278184961 
1975471107 759227401 1808509979 
1870529617 1389038835 89401049 
919958667 420175265 683874531 
321669801 70115323 1820631025 
1702813651 273653625 1348984427 
1336056641 170447299 1883075913 
1174495195 836706193 892231347 
2117999641 382948427 415562977 
1194325667 1278403561 1216457659 
88081201 317786515 1113988281 
1676367403 32309889 138938243 
542840457 2006598555 711576273 
1242456179 1050550617 1563649035 
2074422305 521176163 1637125417 
837199739 1026487921 771613523 
1833740793 1910439403 1401420225 
1951984963 1246611401 649221979 
1265763857 1751585331 1265120921 
416392139 1849682785 908116515 
1686455913 1945686843 790985137 
119631123 41371449 1319032235 
1099399425 1167557379 1405716745 
73767707 676057425 1244951539 
1385192409 1401557899 237583009 
1696378851 1597575081 760491771 
922193137 836216531 1012528249 
696704363 1509922881 641714371 
998398537 214961883 894119057 
1282573747 1795854617 1379447627 
703928801 398478755 350480617 
664058555 830025777 1151111315 
1583919545 1290999083 2080653185 
864927363 1496071049 1192080027 
130291665 790447987 1422579289 
1421443851 20416801 214408035 
1102697001 391542395 1014915953 
418130515 1964474105 1581219051 
396981953 1035822147 494611657 
87721563 369791761 1429256499 
952445849 1441301195 75794529 
367958307 1525599081 1547002427 
1994073777 188904467 366631993 
499651755 1845706241 134920707 
1378037257 611486235 2004000337 
78174963 1760399577 1268888203 
359667617 1475430115 1320604841 
1087208955 1080261105 991653331 
522537337 652794987 1361417537 
145866691 1507344201 1288814043 
609237393 646032563 540542489 
1723929163 1183725281 176923811 
1145433577 985319867 2045467953 
1257445267 2020361913 805164075 
1680112769 686716291 1884184713 
829694363 905405649 112668275 
1117293401 1394778635 460514849 
947499619 1540364073 714687867 
1162268785 541421907 1378046969 
1248001003 1528034241 83680067 
1782157769 1349891419 649863185 
340090931 486744217 2007130571 
1219634529 2138533923 1854492777 
470085947 1162466225 596540179 
1706979641 578048939 990378753 
739832067 1968034569 854751515 
301099857 556286451 627819993 
907825547 1944056993 1346428387 
1319475625 93965563 1573414641 
4863187 900832889 1066261355 
437555777 1618917059 1480533065 
755395803 1944995473 576443315 
986086169 728527179 1938838497 
781319075 123269865 150198459 
1939245617 1693752979 1299241913 
1141609259 1598929281 1466576003 
851543433 500011163 1778627025 
1876694387 1694974041 1869529355 
257377057 1898367331 483875881 
850334843 747126129 1124710483 
24127737 759790315 46624961 
2031571523 1032386249 795075675 
1921428753 77924147 354555289 
1426014411 1070121569 29050659 
1280628073 979861563 795967665 
252019219 790857273 329487019 
1301657601 549595139 172587017 
384133147 751515729 1051896051 
1695218393 704245899 1853411745 
487290083 1275420329 1119427579 
1680233457 6552531 2097083257 
1786108523 432836417 1554427331 
1136068937 1416502235 421876625 
520157875 1471541273 2000343115 
905670881 315839139 186447849 
423618491 863680305 1369515411 
443969721 1075597867 310376065 
771810179 1837476489 1931083675 
1491664593 160169075 420935001 
1084088331 568631329 97443939 
1909432617 1989665659 1195551345 
3735379 2147352057 2113075691 
1942220225 1225574723 610884553 
1225069403 1852455441 89108019 
1042418329 1157570507 1858625377 
733617699 558979689 1046286139 
1246899633 212306195 789158713 
676712875 1252816129 1426480899 
1578507529 927684379 2096956753 
2085097459 80424921 1044025227 
1245359777 223415267 869671849 
1059810043 679297265 979944147 
1913473145 513857899 894274625 
740926659 692055625 1778961115 
150298769 2071011763 335963417 
556543819 315592161 1179625891 
2089942249 1923020475 1318577201 
1341697171 477955513 1529876779 
582693761 464689795 1838862217 
408514203 933710801 1925636979 
1002941017 1571815179 404421921 
1165096803 1203299881 1028895355 
1786124145 1456686675 1254937337 
861894891 319384257 601702467 
735756489 1146700379 258393873 
1967478067 889388953 513933003 
1521548385 208925987 444522345 
786800187 720100017 1534365715 
577810489 394989739 1464611329 
937793027 1035190793 2065974811 
931648081 2028500723 1638687961 
165555851 1277528993 1880204003 
1930946729 1106295291 2144153073 
760777171 299670905 1393481835 
1368885569 2114427843 366596937 
349600219 945712529 380389555 
213375513 4230731 252488417 
1476853923 146276841 470877627 
1508774193 519779219 277125817 
1279709227 889155713 260002179 
62601 1955323291 993958097 
1250740851 706305881 1571102219 
922376737 2131758691 194194217 
1306689915 1797424241 1171819859 
1591519225 1150220267 1167583169 
948483907 1625105865 1214280027 
1249661969 864418867 382006425 
954719691 142776673 854117411 
1692230761 318844219 1715374001 
980195091 1180222777 407064491 
410316545 945802499 1981966089 
1232090395 292265809 1402199539 
1487837657 602197387 960063649 
340605411 1992994217 302582011 
1058413297 1479758035 1500312185 
2126501739 1403684417 21009091 
377796681 2077698267 476084881 
1337094067 1590316825 1803021643 
800245729 1459181475 1552877289 
479597755 1786592817 2108209811 
864890809 1247842091 1850518913 
2020018307 1907890569 1857113243 
414115281 803058035 1091310681 
1467825419 1132640033 27862371 
710832169 1866748027 508031345 
1279841363 959282425 679573227 
1886348481 906964547 1349552841 
2082119771 346743057 521249587 
6810009 1792064715 2101163617 
773366563 762112361 1907342395 
290075825 1754242579 1472322105 
1635684011 858172417 1165296643 
1415711753 154084379 1068002385 
726287603 1188155097 592342155 
1450591649 1224986851 737047209 
1987336187 995624945 972625875 
1170098041 414439019 545686337 
1691650499 943758665 1175115739 
704350097 92509875 658359321 
970083403 2042750177 1378266787 
622267369 2066621371 356870961 
721502611 1117177017 209538603 
1940056705 1164558211 264257161 
1841937307 83374801 1102682227 
1570752857 1647860747 45356065 
473775203 286962985 1752768379 
1491492465 1763973971 1455378937 
1446442475 2022695361 1265673539 
127201225 109563739 1660055057 
384322099 250338969 190618571 
1038144353 218331683 556625513 
1374767931 1091494321 618505491 
330035001 708627883 1281452289 
1311062787 628273417 560010011 
2000566609 520858611 152437721 
521866123 1759257249 1563781091 
2139305897 909289211 1234367729 
1370087123 1406180473 401266027 
489390145 1472430275 135103049 
443647707 1445958801 387956147 
51525913 1112517451 1916404193 
1485768099 256905449 1054421691 
1866897457 1711589523 2057394617 
1235029291 1778526081 1703376515 
655975305 1490365083 890929105 
522223475 1557429849 349600523 
965636385 499929955 751303209 
8449659 1878903665 459956819 
881993465 1152349419 1123638977 
665656387 323638473 245890651 
710081297 2047471923 1599132569 
1904966347 1332572257 1588154659 
1830744937 986044987 176983729 
777432083 924255289 696126635 
153429505 1097888259 911496713 
2030436891 1831667281 1306006259 
2088450265 776645259 896204705 
534904547 1586035881 407107067 
1053221361 507880915 10744185 
1935987819 781811009 151877571 
317417289 537605595 368877969 
1669784755 256355865 1542457931 
505093857 2033343651 1211766249 
1855406523 226542897 1840467859 
413986489 952093739 1986684033 
1203776899 79923337 382966171 
1578486993 1729259123 464139097 
106404363 756141601 1431726691 
1785085737 2119941499 948844657 
1645979987 1336278009 1793782763 
883678145 2042925891 9484745 
997928283 1607239697 662083635 
244762777 1952274891 920849761 
839526435 1044478057 858614075 
46349233 1140503315 2130909497 
373443499 242344705 240560387 
1409743625 1998450971 1450496849 
1454340595 2114022873 1742555531 
19061921 1611240931 905953705 
1671972091 1878249201 516713683 
1228424825 572642155 969964097 
666005187 1708805193 2111300827 
1583525521 1236863923 1759388441 
1572038987 40188897 1125168035 
2094340841 292049083 83096113 
17618579 1505330105 283478827 
1037803905 1528030339 1975430537 
247793819 887757265 948915571 
1998645337 1304148235 574499617 
299598179 922059817 688491643 
127378801 1010298963 620417273 
1072263915 849828033 1891043907 
1550327497 872504411 2019497233 
2116960051 968736153 1792161995 
2034346593 371588899 1100283241 
1109915707 1051912369 617200147 
678440505 663325355 21471233 
601350147 1267376137 44621851 
1746247761 1485955315 1789436633 
1657989259 285456801 1823223011 
1927775913 1600099323 840547313 
1379808211 713923449 455201387 
600864577 1655858627 232403273 
1524077531 610384785 683029171 
752195609 513394763 605575393 
1160383139 1512120297 776757179 
1788878641 1594973587 2059868345 
151931435 1700126337 243440515 
1191891593 665417627 1855416017 
848770163 1278778713 33740811 
1578338337 576428131 2138425641 
1200249723 840569457 683620179 
831563257 984281579 569103809 
998539587 869303241 523930459 
1762304529 1563485747 2110108313 
736761803 461981537 436000291 
605651561 1857390395 1398511025 
264487187 1885225785 341035435 
111566081 1895044867 1776239881 
44486427 1460628817 1920944115 
527488985 908822411 705533601 
348767203 37768105 1382671099 
1513662705 932903635 564392057 
1432670571 1369011265 1762483395 
401282633 1577730779 1559873681 
1602116019 2016283929 1973626699 
137655777 243163555 220079337 
1279487675 1401244721 1187046547 
953527737 1480198443 299441025 
1359762051 1168635785 1216407195 
1075688401 1948916595 2012303961 
976025355 630318369 1440132963 
820448809 551430779 219512689 
649166419 1919384313 1378840811 
1736004289 153942083 331999433 
606517851 651112209 595496243 
2007934873 245692107 582607969 
1284418851 315557737 1070995003 
1438466737 1139329043 332224569 
329320619 1133386241 1688948227 
2080696841 1578614299 1482832465 
1131917043 2035944665 2028414603 
289436577 660757219 1359614121 
63386107 1028691441 1306706387 
729499001 1206571115 673935681 
1774408643 286063433 779088347 
2099959185 1292992691 1743225369 
969901643 867799777 772651171 
1120676329 1917681083 1419999537 
1998285715 1357202105 896059435 
1751472257 296814979 1050025097 
1481332123 1585250513 474481267 
1464534873 221910539 1035551265 
2068629091 944329513 2080700795 
1837755505 890160467 1686065145 
2104946667 1750060993 145780547 
156519881 1774578011 648854545 
806827059 1148755097 1778570699 
332628321 1021019171 984976489 
1015653691 1524101041 3723027 
1337814329 1550927787 1560205057 
1845331203 1325109001 2080091419 
554567505 1786451443 1432633817 
1107674507 194793633 1937109475 
1279579561 980910331 811696881 
336955603 1158912633 1773391723 
210136641 332679875 104849481 
1929945307 2046091921 1349494707 
419559193 1109321035 732409825 
853020579 673918697 661294267 
49980977 790688403 2146817977 
1469744939 234526081 1064353923 
2127905161 1040762011 2125811153 
1240525171 1195752537 304755979 
1804181281 1639832931 43817001 
536791163 678910321 1389825107 
81274105 864120555 158289089 
1762584131 560968393 387455067 
1570982161 1643830067 19108249 
352564427 1943412321 2044943139 
1221398889 1808806971 2007735473 
62117395 1630437945 633636523 
2012779521 2078981123 801321993 
1129487387 1712510033 109673715 
277837529 679961739 1579232673 
1208256739 1626380969 1031458811 
141258737 154357715 1802301305 
834653803 1672112961 373309891 
75744585 1389645787 1213722513 
1217973939 679308313 1704019019 
1962855649 735930019 1782264809 
1922735035 1938477873 768702867 
50818233 1976518187 664326785 
1229682563 1399154313 1622750107 
1439079121 472174707 618754393 
1610437643 1946352673 1479144547 
2095111465 1405851515 316524145 
2131383123 1349646841 1800334827 
802671041 1497914691 1763448777 
1394427739 1085462033 405373491 
1253017241 1722258379 1203878753 
312881699 1779799657 1420411707 
1094207921 223993107 86021945 
647677355 964382977 2104685315 
1801181449 454855451 1550885201 
916644851 131836889 1131152267 
1305414305 1947082723 2081251241 
1406213883 443440369 742135507 
461849721 386846059 311912513 
537344195 416852553 1959984859 
1565785233 344782259 861528345 
2066129739 348056033 673037731 
905722089 1524476603 995360817 
841810067 387580345 1191642411 
1514147713 507588227 155618185 
660382363 414246865 837007219 
1293821529 229864203 472209697 
764480355 336994857 1584096891 
29176689 950573651 1145884409 
467627243 1082738369 140301379 
1834581193 1154840155 1155228433 
832776499 1042054041 904819403 
345397345 371460387 1267669865 
2115392059 1283323569 1546314771 
2022943801 368313515 1183256065 
1637231107 1321565705 1784248859 
958885457 432491251 407429337 
699638411 530966433 1184020195 
177939625 1148874235 996821489 
2083511763 1382193529 278973547 
2119001409 1613311939 1346277193 
306651 770247057 323755187 
1452758553 1507787339 266864353 
916001955 946748905 1731443131 
1867918641 2066974611 2033030841 
37864491 1257262209 760341891 
1836626057 2029195675 2087990481 
707632755 486267737 843878923 
686863905 821240419 893151017 
115225979 1242931313 2125586771 
1567138809 1009970155 545506241 
625756995 992469449 323003739 
1595731985 224907315 2020241561 
1507348939 1599337825 324853795 
439984233 1863704891 779920305 
791079699 2022162745 718291883 
1142672129 391405827 654320393 
403269915 825703249 1324790259 
517412313 1918779787 413516961 
244469219 2040129961 1450622203 
1079981809 2014225619 218033785 
360041323 197943873 94774979 
934638665 459889883 790042257 
601244595 792054553 1488609611 
1803166689 1716480931 512836329 
513591483 613505585 1206193811 
1715612601 1585414955 514427265 
1702730883 1291572617 1014792347 
907051473 604145011 1903857753 
1690874123 1600459553 827341155 
1297329193 337904763 1088884081 
1344677971 415594745 1128884971 
885473473 1595327043 1602701001 
1700713563 74939665 175601459 
379151769 694497483 754618977 
424720163 51717481 782790715 
2083803313 1162736147 1107088953 
472875691 1463388161 229480451 
1091291145 187455515 2040531025 
1966151923 2022066905 879485067 
2110693793 453829859 906604201 
1355156475 2118984689 517499859 
1214006137 479054443 538206017 
1065229763 1547524425 1845562331 
1440621457 623602355 1513439257 
1320730699 745881825 1178649251 
358959081 135845819 1879410481 
1463915923 458735801 314589739 
2053883521 902058883 1959787145 
1492709275 2055589585 1046637683 
664421721 1009242123 75657249 
2108182627 1230762281 1295831931 
993098353 738553683 1935887865 
673376747 1649655233 1690057027 
1735896009 1647313755 703269393 
131210803 900291225 2073366475 
42610529 922717731 857844329 
1137573691 1252326833 1570765075 
301132601 554811819 618677505 
866242307 1776839945 717375259 
1197593937 729186291 39223257 
115113867 337673889 990018531 
753562537 2053659387 1244926193 
1871524563 24811641 485017963 
539319361 1018238147 1255554633 
516668123 389951633 1984663987 
1955968281 316284747 1473863137 
1701648803 1240091881 715646651 
1722987569 1749621907 1433294265 
1443103019 53937025 220596867 
838147977 896032411 2127829969 
407720819 475724377 1332342539 
1565052193 1694197603 374683177 
2032706171 234153841 290436691 
1782719225 1639934187 237583041 
1698476099 1610158281 817115739 
1148688145 1685570867 1922715545 
661122763 1694682209 2070504739 
1465855849 898010683 785296049 
924647443 627703865 1886847147 
1376780801 2016478723 1855328777 
1573598747 1333568081 281470707 
424129753 11542155 547052449 
1030951651 1262237865 442345979 
2031353329 1764555219 895085945 
226936939 1895782721 742329283 
276833097 1422485979 1748450705 
1983297715 458697241 2082373195 
1923513057 1389654179 1763725801 
222950843 496558385 972792723 
1367730873 1598734379 1577795713 
1520615811 1365984393 952815003 
2012965073 1354971763 750563161 
898567691 783821345 910786147 
557808425 1592226171 238113905 
2131033427 2053240825 1730078699 
491239361 261629763 1443591625 
2011914587 1226646545 2137549875 
1785480345 64867787 1499752801 
1972255779 483243113 181542203 
1035032497 281347859 962729273 
1096761259 63487745 1247493379 
471119625 189211931 1190162257 
1143098867 442100185 954645899 
1748973729 1902029283 2113863081 
2007365883 1609362161 179814611 
1627013753 1701300075 2007127617 
1026032323 976947273 922360027 
1036602001 65855411 1803132697 
1636162891 31234017 494323619 
537351913 922682555 699928113 
190392979 1285455801 1704230699 
803765633 221935747 540174729 
1243626651 452703697 113516915 
901735513 93793547 1037076257 
1083348323 1461370921 1165574267 
283558257 1948599379 549637369 
792815339 1957639361 315530819 
1454299849 1591054427 752595217 
933499699 975124889 1744219339 
1689192033 879629091 812464489 
1253092411 206374065 697830931 
182135353 1254784683 1594522625 
421557251 1063541769 439751707 
1656568913 1686680819 1653415641 
1182817419 806098337 633684195 
842187433 1497450491 1405016049 
1395492819 22779769 462145131 
420369217 510392771 1426517321 
1818085339 217339793 2121139891 
33362969 437271627 175879393 
1414799011 463428585 784798651 
537934641 459387283 62395577 
534855211 500087425 334311299 
1800048265 1349036955 483721937 
1498417267 342038873 1451379723 
1334961185 1389800547 619119913 
1943932795 1796550257 1873840979 
1516544505 824632811 2036314561 
501224771 1860386761 208846683 
1689468433 1814739507 2125672089 
716344267 199402337 1191766563 
1061011049 2082618171 799125937 
1083577619 1456815929 1136180651 
148191489 1400941315 629473545 
1905787675 1474496849 284826611 
1323389913 1081932683 1023537825 
698800099 1423411113 103782139 
696894705 1099845331 327019641 
653444459 977489985 2131423427 
1843647049 469006043 1253598353 
1153052083 2078378265 2092800843 
293851617 107771299 149446889 
2074223291 362899505 689256595 
869444025 1160838443 1287518081 
1572529795 2142483337 849615515 
847728593 1734799219 631754329 
1062234891 687620385 1008059235 
2007255593 823516795 1908185969 
1889981011 608663289 1674536171 
274280129 1607240771 732472521 
667086427 1705233169 2080137523 
1428693913 588344011 1409237089 
1012842787 1983857513 640076347 
1018126001 348068883 1515213881 
1663696043 640218625 1752949251 
460760585 2020405787 1533138513 
1752597235 1012304089 1037867659 
1411436449 1275293411 1391283369 
1165026811 911061489 1423578579 
341918073 2124203115 1078021441 
235202499 298956617 1824400859 
1813344657 902911155 1982266905 
1619917387 469036769 1119866019 
350381545 613429691 527144241 
1936965523 435044025 209959979 
1639330945 1503894915 711841929 
1473415579 286432465 1342756467 
1183679321 1459718667 252681761 
1263524451 1012043561 1142992251 
2044528753 1980242259 2070629369 
1044046827 513518529 127140675 
436144585 1472601435 615340049 
1176045619 1518213273 672352715 
1107615073 594516003 41011305 
1337874747 1215695793 1695752979 
1380739385 1612594091 1543877377 
1192368387 1849248521 364175643 
574202705 167635443 132955609 
1436498315 979938465 1541080547 
427037097 1577399547 1326096113 
202431699 17143417 428458859 
268978753 2052710083 1305517129 
96130267 1712029329 817068979 
231568153 478239051 785320929 
407774115 1821207273 814825659 
1382990385 964511379 1930089401 
752450347 28799361 1990677635 
947453321 653523099 1836509649 
842382707 1410611289 882223371 
1187773217 1334112611 1609684009 
1946057851 1484158321 2127847507 
1557143801 929653483 153561281 
1144420931 1189506761 1132219483 
382723345 696299315 733285785 
280504523 1525906017 188444451 
282414441 2145970235 1744156849 
1888627219 2076802617 1905621675 
1332441089 1581469699 1791815689 
812634139 1634365521 345002227 
245625561 516216971 886671777 
674077923 359388841 384599035 
1220578289 1714594771 1449847673 
1857667691 244860737 1930024387 
786465097 233472987 765102993 
341877427 1607788569 127383627 
1326590177 370637475 1021931497 
648368059 1135275825 976342419 
2083023033 1563572779 1371647617 
600181635 1993679497 117991323 
2092185297 753771635 725347673 
1863108619 355555361 397740131 
1333926185 128928635 1653138033 
168535891 1165358585 1180361195 
888907201 1152643395 1063179209 
300251995 822833681 87250483 
1707934361 872417227 600512353 
46286371 1315557993 1034319675 
808347057 1983656211 331846457 
1318042027 626666753 487556867 
1580307721 798867227 1307852113 
657307635 763111385 810383243 
141780641 2147169251 869571497 
925291259 2020571377 1648323283 
294731897 1965867371 552682561 
655674563 1107387977 743256795 
935499921 1071172019 155016473 
2026968907 29246945 1260114339 
855012585 231497403 136322097 
881939603 1917255097 1418590507 
1993665409 1342161539 847398793 
1594873499 1942651857 1597016947 
688169561 493283083 1061139745 
1927290723 2013486633 1177754235 
1830047601 380497491 844942073 
1645175019 119087809 940337219 
275265737 1778494043 1751121681 
942734643 633730969 1760224971 
562803809 419700003 1747933033 
267847227 908071601 890320915 
1464248377 772602027 47311361 
1920384515 359086601 2050928155 
483854929 1624645363 1098210521 
557389451 2050376609 843303651 
1638817961 95691259 857171441 
2134323667 796431737 602062955 
739459393 1165673411 338905929 
132309467 2038670737 303820979 
654758425 1194161739 1272144609 
1180379299 2075425257 1829137851 
885934385 1738267539 308712121 
1240250411 368126081 1783921027 
947940489 369771931 129618129 
1744728691 711874393 1453590027 
167186977 805713507 1182114601 
1988749691 1293466737 599471443 
545562617 25616363 1686085569 
1296031555 1191353801 1926289755 
835554321 561620019 144698521 
108578251 1496666465 1560343587 
187030633 2111477051 248168369 
1813069587 54967609 1192048555 
215131905 1299772675 1567481609 
2001902875 51566417 1619625459 
663720409 143111563 1327636641 
235364835 200877481 1234465019 
1303925489 1008335059 757131897 
1910226795 352206401 2101066435 
846606409 1202426075 1742582417 
1781143475 1446070041 1236063563 
844201953 383090595 1143176937 
1263762619 1588950577 307323539 
428287929 1951299371 1410753921 
1640247427 1439666569 318223515 
1837243857 1717000563 209259609 
834938123 978808609 505892195 
668526633 1605613691 1469458801 
808680531 216888569 465657579 
841948353 860771907 1882063561 
1397950555 39065873 537742131 
727376281 1672062155 1338502753 
1572391715 1682792809 240198715 
1328442545 1513899539 1422381625 
1351644843 1750885377 487992323 
54887433 232360987 900179025 
1162341619 1019922137 2100909195 
1278672289 1648752867 531950249 
1237827579 491929585 401063891 
126500729 1444396651 1085422401 
2102899139 701109577 312950747 
2010169233 654524083 868006937 
1464808523 976788705 1267390115 
960725993 800295867 450208561 
1941039507 1151909049 179516971 
1447338625 625928067 1466939017 
1020797851 1512270545 2033926259 
740606297 1170686987 358665249 
205743203 153955625 1219528571 
1636603505 991347539 1956071929 
666820075 1428658625 423087427 
418015177 847787867 1324590609 
317452851 720819865 1467843531 
172198753 707502627 547743337 
1213903675 206248369 1049775379 
147449657 26654123 980361473 
1347314435 1408117001 617839387 
1771401553 772887539 1579613145 
374207371 913627809 2113900515 
165785513 1296961275 1994730737 
295732947 1001690233 1201061227 
338638913 1959700675 120519241 
265678555 509398161 665281971 
1554592025 1192530763 1753790945 
1937452451 135563497 556178107 
2116997169 1253929107 1355502009 
1142617387 1098637185 603233923 
174119817 2058064539 43890641 
1068115827 1718711897 699228939 
1611868449 1230666595 1467118121 
2021676667 1073480561 1130695251 
1417813753 478108907 845747905 
771507267 1312279753 930113115 
212611857 1494587699 611568537 
955540171 229124193 1364818211 
1831824233 855065147 1528874673 
1477661715 1548549177 287306923 
671800833 1445042691 476565001 
591424027 1406942801 971356915 
1755590873 1791333003 1390131105 
808724195 931099817 455564795 
795941361 675565011 1184885113 
1029225579 1953838401 312516547 
1470422857 1714920923 1350687121 
1259769011 1844880921 1878848075 
1111611105 497452195 1570147817 
648849851 499186993 1450440595 
2062476985 1468380203 985406593 
1286952323 1000538249 863109531 
468780241 1487146611 408890201 
1953923595 1601078817 611095139 
2141763369 908273019 1206153329 
1209946451 699266041 1896012779 
787715009 547076931 487993801 
151754075 813547537 1368014899 
886161561 1594769867 1593165153 
1648513059 1995042921 1428607291 
1353675697 1707039507 206639417 
908866475 1445960449 495964419 
699560713 1881168155 695995217 
130359795 960652761 295711115 
1718326433 1206107619 361642409 
2052304123 469108465 1523782867 
625753721 777894763 1183068737 
97359555 673956937 1020021979 
54519441 1884337075 77929241 
688410955 1281618913 1494014883 
1724486377 1195751611 244066865 
1440054931 1276857 2079552299 
1728403841 244386947 943072649 
1311469723 1528648145 1663628659 
518905945 1025679627 1483924257 
1819912547 1859124265 1217983611 
1313201521 1212323923 1897580793 
474569451 801575105 538325571 
310744777 1314505819 795364625 
1531569971 2031138201 550183115 
53240417 1810245411 1792374121 
904486971 32972977 647389715 
1440097849 666596011 1776113665 
362350595 1221466121 1920157723 
527751249 917473523 755079897 
568184971 908358049 336483555 
286129833 835910651 292811761 
676125651 1421448057 296073835 
1868312385 2102758851 96708937 
982776795 731313041 1985338035 
1035243545 1228320843 200216801 
883831459 1353553897 166840251 
1703958321 132253075 490279097 
1751396907 1800902273 1485292419 
1293568649 836231067 1965203153 
2117655667 1461556569 447856651 
270549025 1887551587 300433705 
1994507131 673204849 1121050451 
667459065 357751275 434343361 
1533782339 998636489 777712475 
2120997393 1431604787 238070425 
1428881355 2135687009 2101673507 
1978792553 1547628347 66571697 
1503160595 1977367353 483242411 
135533825 758988547 1186643209 
288962331 1791403345 1705308147 
551669721 847146891 117853857 
1672735715 385794985 145050363 
1693114609 263299795 1374152825 
1580251499 1409100865 674792643 
2104266313 110013147 1049034897 
1009123763 908395801 663228235 
98774497 1066043811 1212325097 
1974523579 936215601 731483283 
257926585 1406660907 1823658881 
429488771 1196388233 1165446811 
520154065 1221837683 502155865 
606330635 1266064673 2139412323 
1441891881 134058619 712226673 
919348819 1253536505 1394563307 
1380518593 27009091 622289097 
1343169115 310929169 514471219 
288464793 1395515083 1481940065 
626971939 1161789289 1327988283 
1806793393 1036349459 694374457 
1281552555 1439945217 1400665603 
1886937609 863118875 1081176657 
866473715 1910703321 1518472843 
504441761 97813219 341870761 
1170905595 1801113073 268528083 
433536377 184465515 1499932993 
896957379 472281929 1203526107 
823135633 549529779 183925273 
452750923 1061178081 144826531 
2055774697 293791163 440643889 
2147226515 327629497 1968091179 
269947009 1086730627 1943377033 
1879686555 230176977 1643752051 
1348468569 1886977547 1333131809 
1753411171 669764393 1122787707 
708846705 590441811 1457997817 
1286526955 1039632321 1101502275 
1547290057 1517703515 1623061521 
374004787 521376921 1909702091 
323369313 1932766243 96339049 
363007291 1310992305 303920915 
762012985 1836789675 2015137537 
2002169091 319227657 1075713307 
1433747281 1068547571 2097494489 
820555147 1078266017 1232083427 
1983073705 809691387 2042870513 
675033299 696750713 252688235 
1687823937 1410298563 1861310537 
622659803 2016549521 52907955 
1495854873 2056506699 1023829985 
519321507 343910121 1684534459 
569564721 1141480083 1722798009 
63467307 2055490945 1024321667 
531413385 412036251 1984464337 
1756008819 1265808473 380706059 
1629378337 2054948195 1960251433 
1856909435 2089128305 117552211 
1230511353 2030130923 1106183361 
1250823747 1844259529 1955627099 
1577877777 456557363 1423346073 
136092875 891344481 1975747363 
1684900201 917609531 1078973617 
362839571 1056209465 924217003 
334384129 130802691 2070326281 
507315227 1590824017 684139763 
524840665 1286753419 849470881 
2105979107 695669417 252590075 
1696966641 1466038227 2113464185 
1633924715 1519788865 855861699 
47005001 1169209307 149759889 
1113093811 1035756569 491662411 
70616289 293703331 1126673385 
1969226683 1675299633 918692243 
1171875001 910503467 1358596737 
2104532867 399826569 638032795 
229757649 2078701683 1814456665 
768359435 1164948513 74456163 
699618601 1380122491 1984167537 
1631386451 520745465 1326896619 
1127186881 1263502659 1731301321 
1163767643 2138312209 208480819 
1333427865 1829272523 1122268001 
1007573539 239996521 961751867 
1463058865 122586387 452890425 
1614065067 1313409281 1943804675 
1989628169 885977883 294115665 
233343987 900506585 1155459979 
975684257 1897416675 455858089 
690783995 41981169 477282003 
338377849 2029696363 542842945 
22175939 1689920073 1350002395 
1480668305 1028955571 1437653273 
1512803147 432906721 1867113891 
864071913 1265308347 1962686513 
388343955 1845754297 1136979243 
947505025 1894667907 692978569 
2138245787 150216657 984440691 
259726937 1288329995 1097470241 
1432302435 864066089 883609211 
1820027761 820200019 1425852153 
1173312747 649658049 1928068163 
1426519241 1943920219 972331793 
1223610675 738161561 2006407883 
1100025953 1427386659 811570025 
612874811 668085937 640125971 
2122949689 534113451 1278002689 
713511427 1368978953 1792270875 
580298321 236253939 489806041 
812550795 467050401 1931796195 
944872617 1167971835 651461105 
1986954707 1763611001 1289008235 
451484993 1845254083 565708617 
1819350491 1529758097 1394328755 
1040600601 137095755 47103713 
1196244131 311080425 1837703611 
1784046897 607399827 472878777 
1665641515 1442972801 109514115 
555231369 198277531 487550161 
1140803187 309384025 179010059 
437087777 1011436131 2134826793 
1558551931 875288689 1962182995 
1748016121 1418384363 1368095681 
1885565763 1148017097 655428955 
42870801 800815155 124086425 
2127116747 908504417 1339361315 
2007111785 2135902523 1193860017 
824939283 647346489 754592683 
848921345 449677571 1500224265 
659280155 1191080785 1212963315 
853020121 643901835 481197217 
1387034083 1843945897 727852283 
656502513 1683311827 2043864697 
1408349035 792730177 671174339 
1187441737 1084081371 112479889 
1655565235 331137817 2119125323 
1144576993 680235939 222673641 
1656369339 1491702321 485340819 
224142265 1271753515 1318273409 
758826115 1278430601 841148571 
2130950609 920399219 1376225369 
2121242891 341429025 137257315 
2045649961 301165691 576013681 
745590867 1436905721 1911116523 
682031297 1924524611 1113898697 
100088923 1312863505 533929779 
2125225369 1503533259 631589473 
995155747 286629225 1353308219 
1245218993 1733990931 1344458297 
1050765995 646922241 867090435 
1527726089 1362542619 868171857 
1536082163 1402946265 1035389067 
28268961 1588530403 686827177 
561607675 1483168753 1697059795 
1128807289 89240171 1113593665 
1583433155 1625739593 1945990107 
1339251601 1259016883 1943287833 
328575051 1661728993 570747555 
1353826281 838746043 1437974321 
1079131539 2122954937 878062123 
1194163841 1409907587 2006938249 
1499944859 1674643153 843322483 
725564761 1058453515 1968121889 
135166051 277768489 450116475 
200782449 1448613715 442189305 
353030635 285963713 685990211 
1542267849 932211547 302793233 
2016790067 785666713 1595275211 
353167201 646428195 700064361 
530016059 1174484401 129278227 
942727993 197896619 1292762369 
1680537347 595846409 1335144219 
500763985 1725704179 1552381913 
225404811 265893537 1714201571 
1449716649 1860420347 262555889 
2011421395 1115590777 1475653995 
961090625 1075592387 2098705993 
764420827 730556561 1798519219 
2068622617 520030027 1682445793 
1119437219 164545769 1649757883 
1975184433 1298252947 750276025 
1407314219 1691401089 1777545859 
1885116297 1755235995 7820241 
1429666675 2065166937 1671485195 
32343329 183078755 807382569 
1049102971 1175658353 1906990675 
861018873 888099051 1874391745 
1105975363 503744713 1658624603 
1123077905 400780595 886917017 
1714476747 157123681 544836899 
1854908265 1930950203 1333977777 
1362733075 465565753 1266215083 
1259715073 457321987 2143914505 
157654555 978049617 154439411 
714124505 747308683 204215201 
941964003 1666363561 1520505339 
568210929 462135763 1953883513 
1121628267 2029719873 2083664835 
676961097 341168603 249329041 
572940467 1193681433 2005624395 
1290613473 430479523 1704774121 
2059361723 1308170545 52186003 
1424483001 1634773035 1283258497 
1576528259 57326729 1187591579 
167157969 1052041843 512862041 
51246603 2134172193 1606395491 
1168241449 1141823867 631737457 
2103944531 495579129 1217843179 
699363265 1825525571 363916745 
786155867 1441684497 1574704179 
768031897 1173272011 127344993 
942040099 211168361 1378583867 
2076020657 48869139 936381753 
883500971 1168537345 1207198979 
1021325065 1705610523 1041737553 
1637348851 448455129 839493003 
1000861857 597217763 1018000809 
733044987 1678713585 1327392979 
1445870201 1023651691 1719012929 
1101212355 1873576009 1330544859 
1858503313 1323599795 1952487193 
1950008651 570118113 903016355 
287035113 37514427 1936737841 
545378963 874018745 335701803 
590493057 521642115 2110382473 
1525064859 894365137 230541683 
1923898457 878581003 841301793 
1435549027 1041578025 1919461499 
2142566769 2022698067 1443022073 
1191268075 602860737 1485686339 
1340887753 1116600411 1074063633 
689945395 915550617 1431278795 
347717217 2089696035 818786665 
1137841211 1605450929 1539618323 
1231102521 2119984811 1639986177 
1497472003 667407369 1264614427 
1581020241 252075251 168171225 
887833739 1665977761 2005362915 
1333344937 689221627 725159921 
295448531 1688702841 1030729323 
1723468609 1064247747 1611687241 
91893723 1078562705 1349365427 
536611865 1812800587 1752329441 
641222307 961270761 2144107451 
2065724209 1687312787 122293433 
580331051 233861761 475158403 
746194569 200741787 931150545 
1632743539 1416106329 244397067 
1606327329 995939427 108625193 
278230907 691758705 1646474067 
1505532409 657378795 1131899329 
874986819 1505277897 1156786011 
1983149585 1487823411 1816012441 
1800631243 902126433 2091979299 
137770601 1326162747 274590129 
449494291 225654585 1603446187 
1147334913 1042928387 226523401 
562719515 1337606481 813679603 
1433553881 1278206859 1209707169 
49348579 146145193 432733947 
1281096945 1644492499 484566137 
991866219 1590102081 613816515 
109398601 1574493915 2019925137 
96589235 1727562009 906134347 
626166241 2044239267 187488489 
2054130363 2047451185 239984787 
192717241 1143924011 834121601 
1151864451 1551575945 1090159259 
1166706641 1483773811 549766745 
682054411 1291909409 1612966755 
198099497 1704281723 2000343921 
958495315 632778489 1612664043 
1833494209 781956163 1075190985 
1561024091 1836909329 1267206451 
1808472985 1593463499 1874458721 
1200548131 1070578537 2060988987 
583243441 2130428947 1090931769 
256631979 311340545 1705839107 
990518793 1327979035 1200688721 
1694771955 1509916889 249004683 
789677985 349542115 1432601769 
1154764283 477620721 1062780371 
2078095737 756067435 865928513 
538447811 1879781193 2137689563 
203073937 1306590387 1716909593 
689627723 1570481889 1068758179 
868146665 2032507323 86756657 
1555326867 2108700345 801743915 
864545921 119063939 1523404937 
1626403227 342742225 303726195 
885160793 429945355 1055675937 
317063779 991233833 946345339 
1051934833 2089468243 921912313 
1758645227 107176897 1995123523 
268730825 836142427 450793489 
1621930035 1379471513 121909707 
1201116513 1814544419 77217897 
1312276795 736248753 1196935955 
555376953 1149772715 1900243713 
1053507843 2103755529 993478939 
2059459409 1267962355 1957541337 
333586827 1563518113 2083859939 
578980265 1899011323 1888278257 
681018579 2123992697 172338027 
1245446721 1626670787 698487881 
288308443 1885910673 130753459 
991193881 475414859 374195169 
113920931 1610736361 49195195 
830929457 247852691 451201977 
476537643 945891713 1386511491 
1953527177 1390043291 1495933393 
760178035 1835085913 2021429515 
2055254817 581114211 21777449 
1343087739 1420078449 727648339 
175118585 944327403 1942413505 
1008050755 1451484873 1783936091 
1935219985 1998346035 1015547289 
993071307 1113469537 2038142755 
60147049 1344950331 1085927601 
853463571 1789883961 910647979 
92350465 948205571 563111945 
1287272475 508143697 53344499 
41741017 1917829259 393888161 
135251171 1561480873 1709173755 
496681969 482429907 571925369 
1237166699 128188225 372047299 
1078589769 975629275 441435025 
310397619 36954137 1723113547 
1416159457 1578869411 1022748649 
516601787 337323825 1669494163 
538599609 1091052075 1698915969 
374027139 1986304649 2109132699 
1220505297 1225739379 664855897 
1547415563 1153306657 1583034467 
1265930537 1938207611 235870833 
1151225683 489549305 1166199275 
443768257 756750659 546589641 
763749211 1810672145 1842806323 
1203239577 1371598795 1695403873 
2123001379 1774340713 128966459 
1984601521 9492755 1522895673 
462004651 1950868737 1104719619 
1955400969 1789929243 1730901329 
718495731 1617764313 1092640651 
585899681 124083171 1913852841 
1776433915 2023862513 450237139 
1666529401 1652074859 1356135489 
1858073795 1090707017 558996187 
2127548561 1291874739 1488213273 
1597374283 485293537 1420294563 
2006641897 1404683963 1105744945 
434764947 1246819769 1420550443 
1596892033 1091365507 766099337 
1216757403 405650385 73020275 
1082235481 1541263115 1654943009 
353257315 109958697 1775403643 
1072858993 1195939411 1814872825 
125782251 1600707265 2029752387 
2067116233 577376859 2040084241 
601662771 281603993 569626315 
883321953 173294883 1679806313 
2076732987 1637108401 1869471763 
777822265 726589611 1654104577 
1237837315 1130017289 2082018843 
174473809 1636026099 1803441369 
391380619 1149696929 1228272355 
1317329065 1144490491 1453432305 
567663059 1062505849 1266067563 
181336385 430828483 952943433 
1840204251 317250961 374053043 
1536543257 1557814859 1960450785 
2037338275 1022423529 683398587 
1341030705 1895596947 1451788985 
240295979 1260576897 1105830275 
1732240521 440970651 2088044753 
2117081715 352538457 241364491 
422824481 364666467 530062121 
2045858171 1062138993 845012307 
1953273849 1967048683 665278401 
1320617795 1936201161 1879130459 
291423249 2016234547 884663449 
46771659 908593505 735648803 
531518569 863239483 395769777 
1047914259 578073913 479666091 
1970298625 1062345987 1526290185 
1744110875 1023020881 1178545651 
11569625 199925131 1095424161 
478251491 1600626089 1004525819 
211454705 817930451 857006713 
2075633515 445773377 1173807811 
883402825 1178597595 1268443793 
1298251699 668483353 916569419 
1630549985 1534175139 972551913 
617669819 1395502641 666503827 
29433785 620519211 1310727553 
132208771 1881606537 1509825691 
714429905 1435566451 36045913 
181079307 762062625 795178339 
59990057 1793269883 1629774193 
81667155 854420729 96552683 
1479464129 1565359683 371948233 
1028354139 675107089 1237906227 
1351473561 1262652619 1855104609 
1914237731 1231935849 900893755 
760390833 749268499 1947060793 
643980971 1372724225 293032963 
141097993 356774939 870767697 
2013631731 2097397465 904150155 
1580709281 1346904291 297493161 
400238587 1871476721 1184262099 
999700345 1782294123 1696461633 
580573635 1100189001 1375971291 
501610385 1363338931 1518056473 
1133255755 1726960865 162463395 
464518121 1324938171 1621482289 
2099417491 150647993 1336483371 
220617345 32771971 358559369 
1856408475 1468965585 696051827 
1693038937 1746283531 1682801697 
822709347 528459049 61337467 
2054344305 1036610387 615465465 
805750251 1442795969 1405023555 
1887428553 826842971 859102737 
2007996979 21089945 1381919691 
1659257697 1813236259 241065577 
159652667 935809457 2030499091 
1613225785 2142281131 482138369 
792169219 413769993 1795547931 
606906705 366410739 1031271385 
742448011 1615696545 864663523 
1384130473 522811131 1417110769 
1649880787 1440255097 235054443 
1332932673 1587138755 1821405769 
939153115 2127168657 15666611 
276834585 1520008011 186085857 
321344931 253296873 775160507 
223807537 808851603 691358137 
1163451691 758486913 522307203 
602428297 1061288603 945876945 
418631539 441347673 1027885835 
47702305 1772659555 1616701993 
188726907 1614429041 1545581139 
1186076409 1796162795 102289089 
1628138563 258294985 1928908379 
658860817 1625375027 1675019161 
1864190667 404938849 684302627 
461366121 904440379 1274347185 
1653603347 599979065 1602346155 
2066781697 127058435 1488668169 
1346032155 1120630353 1051943667 
520956121 100694667 210530209 
356929251 246803625 415942139 
274420209 50525651 2128339321 
1577886827 1049685313 687065027 
1117673289 522454491 1665601937 
996553907 1726324249 1388960331 
1386778337 114994339 1093862889 
1233260987 1849767217 2146738067 
527490745 1024171051 1397609601 
1315601795 1757575305 852519323 
34356433 1123399283 2136220505 
559245835 1309359649 675461731 
858468137 1219136891 1736091761 
1591802195 368438265 769311723 
1299925953 875750211 2145102281 
693894491 2037315601 1683875891 
357349529 2021599691 323517793 
926578723 500328553 1105213755 
2128325553 675545875 2078214457 
2094406571 304960257 159971587 
362670857 736280859 1153647441 
295356915 2126732761 1512249739 
670321825 1149101539 861712809 
1270813947 2016952049 664386771 
866137721 1364829035 393734721 
816365251 1354579017 780186843 
1079844497 1604869043 2058097433 
52246859 1117957089 1942553507 
1593707241 669196475 409231921 
727590547 682455993 1841388331 
611258753 2127443075 820878729 
810670235 1771080145 1182965107 
1895487577 726239499 182950689 
1003999587 82474025 48782459 
1697912177 1158496339 259703033 
1869169387 287754433 2083871299 
1323503305 2071080027 514950417 
1629851443 849587609 1166280907 
1498880609 644239139 1112927593 
879413307 1702582449 153291283 
628891193 246241963 112398337 
605696003 475107337 1694347291 
1595150417 764227827 966431449 
1068021899 2005215649 271613155 
762607273 2131125243 1628318705 
1327203283 1898285945 1592369771 
1059579713 616084931 602743113 
219177947 185346961 1286963891 
1758693401 1116969035 1610991841 
1760713379 360321001 1347891131 
549490481 1903340947 32180409 
242883115 1167675009 525134723 
1231667849 516310939 602789585 
1117422707 1279429977 1914742795 
2121070625 1936189539 1117436201 
16329595 778470001 228886355 
809539065 649773547 907756993 
1746063683 159085513 272325467 
202183185 909653555 1490789017 
757852107 1867429729 88942115 
906654313 344479547 349439409 
1143804179 1570386745 1275566507 
2109852929 1179019011 970339593 
1653317403 1186848081 831166451 
747816921 1301370763 1077872289 
1197347811 1778203561 2040574715 
534583537 2022197971 879485049 
2109514091 446751809 874753219 
1227753033 1641222875 945043601 
1636673971 1314651417 1747777355 
802285025 1968615843 296162537 
1239301819 475380785 288502931 
1747557817 1446369579 1540131713 
518431363 2134304649 1697494683 
1713644497 1446865779 1848328793 
215664395 1838896417 502464355 
1497103913 165476987 403828593 
933678675 1967614713 1255096555 
559465153 650856515 1017436361 
246909531 914464529 1117117747 
620009369 108447435 1513051233 
1659829539 636483433 1765336635 
568701617 409081875 1631143993 
1810159787 475630081 1594727939 
992729609 193760795 817932881 
1016266483 883686617 450688651 
1193403297 956738275 1442250921 
42861051 161809905 585109971 
2054370681 617783403 249749825 
233415619 1300228937 1405665755 
1026901393 2100351155 1212510745 
1256805963 923206369 670435491 
8722921 460869051 539224369 
1235008403 409547449 2079627307 
201902209 1822120323 525667465 
1787307419 1697870033 543904371 
867497817 309847563 494055969 
175707747 902710057 1687406971 
2000051313 1108612435 1536114681 
1386659819 937377729 1734262595 
1969176009 501659995 319761425 
1698595891 871271577 677684683 
519631201 1313592355 1057389673 
964457787 565206961 1153572627 
1834573113 625285035 125454081 
1567610115 1834123017 1191214363 
1377597265 1839621619 786837977 
1049335179 1361952929 875184611 
1583465897 1624133883 1936061169 
1294129363 1077643897 1261150059 
15588929 1628084931 1038274633 
166818011 246370961 2124347315 
1938810649 1103672651 2057641953 
265314211 252976873 1277516987 
1093342769 1504854675 1336526777 
917919531 2068710785 2003505283 
1992569225 366318747 1444658641 
1076115827 2044701785 435684619 
1391660833 133836131 1162971177 
1478334587 550750577 736910419 
1612190969 893468395 1588509889 
1489843779 1084924617 1690888283 
381008145 2100439859 583631257 
1777697995 1118539361 1449372451 
776864105 206767163 691276977 
139273747 1056600633 791172779 
1680081921 812452867 491398153 
2078764059 1607550033 1673841907 
2017552089 1335702667 593665441 
130603235 1883081385 1533124603 
840949745 1984995283 46456697 
1741135467 1438767937 1552323011 
659993929 726474715 566386577 
1155014323 1832606745 600511563 
2141994209 1004910243 1783899113 
1659202491 342573873 7522707 
1256938681 1031476779 1318863489 
777373571 1384404617 1310065563 
1843202769 1416110195 497770841 
979051531 1394371617 1702249571 
1959120169 729442171 1776957041 
1949279059 2145511929 1772010987 
2059876801 706129219 730269641 
173938523 913655313 1769001523 
243627673 573137867 1246178145 
171344419 549881449 1757188923 
1299233201 570633491 320636729 
1083086251 1465303297 1191527171 
403884297 289495835 249499985 
1039021043 1841142745 1695667083 
46168737 48394211 2022330281 
961015547 450022641 493446867 
1057961081 1906744683 1918818369 
794659011 383490633 1591463643 
1802398865 786187699 1380438297 
1206940491 1260149217 993398179 
1061497065 1723366075 786722865 
2094944403 1194193337 1195562283 
720600961 5996163 2140502921 
2051633819 1635211217 2083981171 
2081953369 178340619 1659816225 
1911380835 824906281 631912059 
662283121 433973843 938262265 
1723809003 1898493633 171648067 
1123314889 900089435 1733153553 
150632755 337800089 671105739 
986433633 2026133795 1131416425 
1438196283 593913521 1357132819 
650091577 276288683 101875201 
272136707 715943433 1846430235 
340123217 455252723 1817891033 
367620747 877090721 1953957603 
1682445481 1098989051 41859569 
1097674195 1914341753 1606982763 
1002755393 143622083 426868553 
1268612571 1622374801 464219315 
1068844569 87609931 1643476705 
482436259 988229097 1587448251 
630627633 234149779 24217273 
185439275 894680193 1551644035 
1257742473 24109467 1709876433 
1452338803 1915079513 566911499 
1198138913 2086629987 1736529705 
229442939 780275825 469184851 
87593977 597867499 651375553 
674929475 334680521 228685147 
507469841 986652723 1352687769 
1383735755 423191905 822947875 
1128960105 1514713403 1075123121 
1408252691 920891705 1441010603 
358038273 2064036099 571937545 
2035169563 621128529 442630643 
1360594393 2032406923 2096575649 
730242531 544659881 990743803 
1042523889 1633416403 417783417 
690854763 385077825 387741379 
1008231497 412232923 1989248657 
1782944691 1384364825 849621323 
1228379105 1871166371 171586281 
1368889531 226609713 1924554387 
917904313 1071338283 314374529 
834137219 27968905 1250513051 
808907217 41276787 1557430361 
383156491 1166967585 1405913443 
80256041 713217147 1409514865 
2038134867 1690659065 390675179 
13021377 857018947 729953993 
961520731 1347022097 1575929651 
1627346329 2023162059 1787822689 
1108412195 1297487209 2104180795 
947699889 1780957715 8963641 
1205031595 707065857 1987045379 
1263712265 436283419 1981708369 
1521248499 2029533913 633450635 
567284129 1997616355 437690025 
1827462139 583111665 2083896275 
812921721 1154849387 1760284481 
168062403 198199625 1824119771 
570987409 2041232051 666054681 
657625163 98742497 1116279459 
1514026985 1185130427 2074474289 
1780671891 603697337 481038891 
1747924609 1863230339 1890511497 
1016446875 1968979665 518372467 
421803353 12951563 576446497 
1194631267 1979769129 1126933371 
1828579953 829079379 1402158585 
951237099 1677929921 1506445635 
379755465 1605423963 1919777297 
1364815411 1648315033 1901518795 
869244769 986701347 244488809 
1176555323 563965361 1384728851 
1085201209 491098539 1769714945 
1903435523 1935629577 925308699 
1016087889 2063716339 1090023385 
851595147 1741811361 639028195 
1042768809 505359099 89686257 
284852947 901941369 700488043 
380423233 273114307 362360393 
1863617243 1478008977 685433267 
1547937049 971239243 485936609 
616917411 1475558633 1153611451 
84091953 859466899 105006521 
1484771627 1521120129 58743427 
1694764937 1049964187 1784318929 
1256235891 68479577 1989656331 
584203553 630699875 673850921 
514290299 1316050801 1120208467 
1319244537 2128558315 898149057 
1264255043 1649672393 667222619 
2041186065 1947145523 1902133145 
330940107 2046311521 709473571 
872423273 996761147 276241073 
1276530707 878047289 221958315 
2019258881 1527993859 1732051465 
935331355 760943185 442644211 
102343897 925232779 335334305 
127361763 2041129129 363100667 
988311025 514476499 634510713 
1324259435 87476545 1491426243 
1718817609 1185036763 230796689 
1456867507 221583897 1102597707 
326363873 624738467 811155945 
1391773115 1050235185 217904019 
445242041 710316075 254718081 
1577914755 732574857 931634587 
1144117457 627477107 2057740121 
256695819 200383009 1039519331 
138701609 66470267 1297990769 
747261267 1391585273 1624160235 
1515661249 918976323 462841289 
948711771 1526699025 621788211 
727856281 918527435 1107941729 
528387107 1788781673 1682238779 
436848561 365844243 410912057 
1320357803 2076454657 575507715 
1944823561 46920987 2105466705 
1473093107 626776537 1240239499 
1800448161 1788017123 966520233 
444385531 410082033 608506067 
2107781753 727684971 428459585 
316560067 190707785 442689755 
939768465 1654402995 1468501785 
363834699 1851394017 1391400867 
275793641 2017055931 1030258225 
912947859 500330425 1227902763 
716959105 1840564355 295786889 
242027675 937567697 1299673459 
1507415129 1642396939 582612769 
1599006051 55554089 974655611 
1052979569 1840944211 1568849145 
1434531563 929998017 1259138627 
1332333257 956719195 191766801 
1130062643 759507353 828931275 
285505121 695100195 1601055081 
1202945083 1398109361 1857117715 
707205689 414076587 414575617 
908248067 1718307849 2135614491 
1643883601 1380189427 2076118745 
35007627 852329889 503943395 
1795142313 1940396027 1928546289 
550164435 976455545 907253355 
950387521 1832012227 291102025 
290887643 1272891281 724391603 
1480262681 214568011 849945825 
1021079203 624446441 999416763 
376482609 1854079379 1293681849 
1812794923 1381116545 561479555 
1676246665 709196699 2053862097 
1645434995 2125269337 90184715 
741037089 1487076451 105641257 
135061371 2007080561 89512787 
1800704505 1408677355 835658177 
925787459 181284809 1345556315 
2146807313 770837043 336141977 
1521769419 1810371425 1461271075 
1064218217 1823804219 1364861361 
364864787 642854713 573345195 
1949346049 93518595 196866313 
339530523 265386321 684026867 
1715684313 1990380427 796091041 
1895507939 2060744617 1747347195 
527316209 322674387 1485167737 
1711969643 1200275521 383860931 
90620489 1383941851 1045615761 
260668851 743405849 2114415435 
1700872673 1912915363 464605417 
603779771 1588713521 1950779539 
1701222841 1240255787 720463745 
1750414979 1870832521 1913711259 
1087225809 37371763 1176616537 
280902411 1833283873 2029130595 
2117679657 886353531 1291389809 
1918640723 2036819705 1395602667 
