1 16807 282475249 
1622647863 -1199696159 1578110407 
1878557649 613813847 -142118463 
-583191065 -576859983 -1544547209 
-422604639 1159739911 1187094929 
1381381783 -1709575295 499227175 
-1854966159 751367351 1027218017 
-1315318201 -356331695 -1682387241 
-2112649919 -812552601 1424436273 
352732407 1318695969 1291903623 
1964510481 2114049815 -1429199103 
1202762407 -1583287823 1298924855 
-288727583 668556999 803035857 
1836404567 816568513 1646487271 
37275569 -574737033 -223864927 
-106476793 1445902481 358037399 
285383297 -1041396953 -766857871 
616617399 -267460255 1626253127 
-735566255 -1746169897 -365925311 
286465895 -26041551 406316535 
-35996895 590574471 115713041 
-831105001 -1148105215 1083712423 
-1001608975 -2065209801 1944560865 
1828302791 2088972753 -1992585129 
-1518256191 -931096601 1920253617 
1318278775 -1424908639 298146823 
-1273180271 -813746025 -1453571711 
-405767129 679928945 -1342196041 
-1120622495 -870680505 -573670063 
528830679 1769886529 -460599193 
-1759569359 2062583543 1160561185 
2105345159 -1699464431 -1366173417 
-381455103 1270256807 -1076273167 
1479132983 517336033 1852899527 
-1125513007 -1461137065 1292347073 
827640039 -1252936271 124745591 
655107489 -1904579321 126609041 
1909340567 -1708726143 1886022951 
1529092977 -1618634825 -72650911 
-1273149113 -290073519 -477752873 
1996307009 -352616089 636260657 
-835704841 -1148204767 -589458041 
1468256785 -1890297321 -353985535 
-905181785 -616098063 406005815 
-963300639 1832866247 1477566417 
-42134953 507448769 -1113589273 
1372564657 424843383 2107092129 
1892056583 -142869103 -314295657 
442666881 1018912295 824332913 
-1001228105 41104993 -638117305 
-304207023 -1796353321 -1985142463 
-983420313 -1311045583 -1560885001 
-133967839 -1034606969 1683253521 
-507651305 2004534017 479753895 
1570098673 369330487 1109752289 
-1436245305 -1258637615 -1208462505 
271021249 -1906169113 -823221327 
-1791182473 -978046047 -1180070137 
720180369 853621655 1628386945 
767774503 1904314737 -278505033 
680263009 -22549689 -1035500975 
-457403433 411961409 348119911 
1105887025 -1975227913 -1853303007 
-1360808057 -400162799 382622743 
1174399489 -1537480793 -1916435215 
-1566905801 1753661665 1726018503 
983862737 156931159 432069569 
-996451353 -1280402767 -1943152009 
375503521 1780719623 1222585233 
866466967 -1523786367 612515879 
-482230159 -238994761 -990526367 
-483410873 1391581521 -2081270569 
-1700794559 2048169063 -585435599 
353962743 522116641 596199559 
167286545 -1618617065 225841409 
-1034528601 -1294582799 251218743 
280561633 -474725177 1343186129 
581162327 839598785 -2125755161 
-2029022799 254147447 -2036317791 
-2093698809 -128826735 -527417961 
498828417 33042727 1298331505 
-1671226441 783321953 1217301831 
-2032324527 596579799 -2031954367 
-1772075673 -1972605647 -730551305 
935716129 -1589257849 -255054319 
-320578025 -2065876991 -678966873 
331870961 -1407275977 297553633 
1641977287 1547385809 886314583 
1342613953 -445465113 -804157263 
790961271 762300577 98353671 
-532260463 715275927 29043585 
-1490738649 1994731121 -1068761929 
-1128508831 -272343481 1158252369 
1955780311 1414970689 178452071 
1356784689 1498893559 1920855073 
-1457952121 -1012873967 1877597975 
1664442113 1156594343 -140858895 
-888468169 1116771809 576710343 
-970452271 1894471511 1790120129 
303099623 364150705 -47497865 
567300001 -216280313 -1480888175 
47923095 -2010393983 -183954649 
650667377 779869623 -971433631 
-1714344121 1953947217 670930903 
2046534721 2010949479 930241329 
885059063 1715925793 -1140589689 
-1451860975 -1718198249 1602127361 
1804577703 -1521590031 -1128370633 
2050350305 1714960327 -187307567 
132749399 2031122369 673587175 
-554142031 -1976017289 2059523745 
1274143751 -172914799 1513832599 
-401770111 -861666265 604806257 
-1208828233 -1580801951 129302599 
-64670383 -288401193 1859226433 
2131581031 1160172081 -139358473 
-1440679391 1527090311 -917703919 
-622206697 817409281 -1402594137 
1675827185 -768028873 -1884544031 
1852278983 1329905873 718199127 
1914625729 1219645671 -1294111311 
-414417033 1329880481 291435783 
1898487441 566378903 1482694785 
251000103 900846449 766549943 
-1496995999 -93335225 -1022063535 
2047351255 -1445432767 -1053488793 
-2130949839 858337271 -720633567 
119414151 1243908625 -1528536553 
-1914448895 1752403367 2052640497 
1551511607 1509124833 2079185351 
1014274001 177936983 1289635265 
-1800044057 409167025 627548279 
-1235753823 1147340295 -1054820975 
1248871063 270780289 -1661016537 
582486641 1622507703 739602017 
855745095 -1337662639 2057820887 
-1575986879 -548160921 -235749327 
2015875319 2114455585 1095609991 
1392320785 1753604887 771750657 
12058279 800032241 -1400729289 
-1341410847 -808768825 593850065 
-665953449 5156033 758100711 
-1769317455 1435091319 -956535903 
-436332793 -1936077679 -985316457 
1180200577 1472124711 -1306574479 
570515895 -2001324703 1919578951 
-1430898095 -1582392361 -830914495 
2053729127 -1626720463 1470984695 
1008013089 -1969995897 181843985 
-1764858857 -938663423 -701272153 
-890815247 324137527 1760884961 
-1426097209 1796687313 -991388585 
-2089806911 857793511 -1269673295 
-2001542537 -1741557087 -147838969 
2056512401 -2092874601 838735233 
540395559 -1427670927 1117012663 
329776225 2041201735 -1721200303 
-1608753961 -1508694207 863378535 
-1891455439 1656361719 -1506601439 
1676791943 -1733210351 -1598167785 
319506689 1239802023 -1828719631 
-504868041 1538211809 1317719239 
2055871697 23715159 -851281215 
-947317529 -121943631 -807206025 
1090025889 2029598983 839842449 
1969505687 169131137 -681330393 
-737104015 -1821498441 602588001 
163648839 1666967633 653336023 
-1612837311 -1418080921 -912513743 
709735415 1398938913 1315332487 
596436497 -145463785 -973443071 
-1127263833 -822498575 1766175799 
1597671137 -76735033 -1195510831 
-1093525929 -725229119 191383015 
-356171599 1008346231 -665845599 
1817790983 1510674833 -1934735721 
94135169 1581820455 -191175055 
-443611977 276728417 -475077049 
-275759279 -416489769 853144897 
-2089517465 1427545137 1063802103 
-626908127 -890113401 -764838639 
194111255 -1747282175 -1880112473 
-975937039 -93711049 1251397089 
-223973689 -1934439727 773939031 
-1862645567 532575975 292566961 
-564640393 1966639009 -766485753 
-1719129967 -1172355177 1536494209 
-1780180185 -746185359 167175607 
811815265 -931940537 621123153 
-1848664105 -704193471 1550200679 
951194417 856290807 -755815647 
1519682439 -867757039 1316382743 
1068219905 608646055 -1097852687 
-430606793 -188476191 1966522311 
1567138257 -2141740969 -119558207 
629909479 -205771087 -945985929 
783421089 -1411486713 -1752809583 
-289978217 1123987841 1597475879 
936531057 -777664841 -627500959 
2031061063 -356782767 -673619753 
6603585 -682696601 2070841905 
-1775069449 -749391327 2119046279 
941992721 822208791 1953359105 
-623532889 2936817 2114443063 
885152737 -1004662585 -1847625519 
-428547753 58070721 1037031655 
413738417 149522295 465343905 
-100434681 -83536239 460736919 
-220637055 -1690206937 -394294415 
228304823 1713364833 -1232971449 
666059857 1783243223 687057473 
-1792110233 608960817 -102615049 
1925724449 -1222728313 1023754769 
607414807 -316601343 345707943 
-777353487 310458423 -510549279 
542925255 -1860743215 -1854332329 
-1480753727 -1987376665 121052337 
-1287870345 1398283425 -1111519737 
1795517841 828131991 -1574633599 
721579559 -1399995791 -1898411849 
704095841 1103899207 -1024746671 
-98442537 -961310399 923091559 
977958961 -283584265 1212956705 
-2046413177 31840529 -1727141097 
1623536385 848791207 2047426033 
-188638921 -768480799 -890129721 
-1039128879 -1302043817 -592059199 
700267239 1181094833 -677983881 
-326851679 -132997369 -1903786863 
560548759 -2015254911 -277192921 
1258092913 643590583 2099277153 
-605226169 -1553665455 945857495 
1352955969 1574105959 -999690447 
114719223 -354334943 1812252551 
-1379438575 9333783 -2040899071 
-1781860441 1078523121 1976105527 
-576507679 81658823 -1949696559 
2050401367 -1721807935 1063676903 
1563822769 -2030572937 -29218143 
-1443057657 210279313 -593671017 
-619754111 -911650777 -1966264207 
-1524151625 -1231408031 1172622407 
-1340126895 -704224041 1036410689 
-1432902553 -911579599 -769975561 
-242790879 -367372153 1739196177 
-877269737 350257409 -1623889753 
1802087409 -426288329 -622495775 
253842631 1430574289 435152215 
-726027583 -343499545 -760806991 
-765457545 -1617907295 -729956089 
-1945390447 1408781719 -760351615 
-1701887705 855533425 -600233033 
761592673 1085513031 -803561391 
-2079119913 85542465 -1101834905 
1359732017 -504972297 -214018783 
-2126059129 1452121617 1803841047 
-1017665535 -1344874073 1114333937 
-1741898697 -1594310943 716940743 
-2055164975 -1030740393 -2050680383 
1327353319 767097009 -892392329 
-412075871 2023084551 -1274033775 
2021281431 -1514300543 1126969895 
177249905 -1668150089 947962465 
-1923518905 -363399343 -209262889 
496840001 973473383 1636717617 
-952541961 -2029626335 -1299547513 
-1586350831 1358556951 1220529921 
682576551 206445041 -611771081 
115148257 -1733495097 -2088926511 
-1525192873 -1551793983 -1960050969 
-177475663 -2126164617 -320815199 
-1757093113 731177105 992169879 
-1958854015 -1535106265 -662448783 
-1221464649 787319137 -321503417 
-439071151 -715020329 -28175295 
-1095780505 36817713 320011767 
1138713377 -18543737 1868024849 
-317296617 1545139713 1790884775 
269603057 28081719 -476951327 
-1711978553 -1237624367 -226121641 
619636673 -1062129689 -1329600847 
113405559 -958249311 831190023 
-1717897327 -1930211177 -1171265151 
-1618275289 1675103345 -48705865 
1739280481 539627591 -1450007215 
-626825001 506985281 -313497497 
972440113 1450417911 -1060541919 
-413754233 -415341807 -1327894249 
-1268572927 -687526745 -1799976975 
1536614199 236491745 1872009415 
-2068172591 -606410409 17649345 
279797991 -424354383 1816563575 
-1938502239 1214776583 -1524494703 
1592414615 1771212929 357369127 
1938637681 1061597111 968496993 
-397090489 479329361 -1270076969 
-196156863 1726486887 266058033 
576405495 -1799065311 -320918137 
807795217 222589463 144589825 
-830300761 -516145423 977813559 
1567611617 1519053255 1442449361 
-1843975593 786216385 -1675587097 
508220593 -1026445193 1419269281 
-589556217 -181787247 -1576512873 
-798607487 -423234009 -828147087 
1320915127 -65413535 106345031 
634540881 324790999 -141113023 
-864630169 -1964888015 130670839 
1456502817 -1870741881 1896780049 
1935012631 264923905 -1305014617 
1017312753 -289365705 -1466424863 
-1680327993 -1862607151 1178233687 
-1520624447 -2079669529 -561919055 
459526519 911006625 -270063865 
817052817 1196250007 631955073 
-185211097 1008382321 -59280969 
97166689 992969543 -1403803055 
-1462588457 -1626361791 -1090749593 
-1307990223 -1749057033 -1645379807 
1396002695 -789043183 1410233367 
-2132307455 -484278361 -303387407 
-905969097 -963548959 1954319303 
-1665354287 692366423 1536066497 
-378801177 -1369849167 -2030243209 
1217553057 -2104936441 -21146735 
1069110423 -1604287103 551344167 
-2098009999 427446967 -1379111839 
1205818439 -1760165551 632319191 
1639552833 -545706905 -1940775375 
1664885495 18581025 -1241325433 
1994571537 544077079 318093569 
-1035669337 1007903729 486957879 
-1906593823 628612295 -532706095 
1815473495 1215359681 -314301209 
349354417 379392887 -1570182751 
-1782429433 105409169 2085377431 
2005347457 1266338087 1781276529 
1992569783 1260335969 -312072889 
-853977007 989146583 -1231782335 
-823337625 549164337 -79707145 
391810337 971469191 -1982966255 
1232369175 2096422913 -1331797593 
1847401201 953402423 -688458015 
-271962681 -1031576623 1074671191 
1661227457 -1332521497 -1729318735 
-616287113 1523609761 714234375 
-296451695 -301574505 -501296255 
1439676967 -1194961295 -447408969 
885193313 -322701753 895332177 
-1717506345 346056001 777490023 
1984302129 -255171337 2007667745 
1608712839 817556753 1075967767 
1977943809 254726823 -888679951 
1852319031 2002992609 343113415 
-1433912623 -707956905 -1572292415 
1415153383 -1045977167 -437103241 
-2000095327 1106864903 1575065745 
-2048436329 388463233 551267111 
901877105 908916151 -1044922015 
116967239 -1226635695 -223105065 
-220378047 -1632026777 -1812888783 
-723778057 -1190421727 -1460300921 
-1834449903 1970698263 -1262080511 
1056326567 -1714190095 247694903 
1184924897 -730607673 -11660847 
1584640087 -46260287 -107563033 
369335985 1202157175 1129479841 
-587760633 -68178031 888101015 
1302405505 -1918985177 -1474444175 
978048695 1224575073 -50030521 
950623569 -148016937 -934595775 
-1055788953 -2135033295 947169015 
1920836129 -1776343929 -694740207 
1517418775 -258452223 -1594575705 
562053105 1793451831 464440289 
1892360391 668264657 184611159 
1793361601 -1052055321 486577585 
291739511 -1586690655 -57897721 
1870579345 -333555305 -1131689855 
2098760999 -690291855 -1028540489 
563367777 -1880659641 -1582255023 
1477325271 199891521 912367975 
1135309105 -1399568393 989899041 
-1470122617 596029969 1611954711 
-530875391 -1775622745 -1458702607 
-741390281 -846327071 712602055 
-1961050159 209007191 -499388991 
-864675353 1570671793 1411823735 
-1172796255 -1581736441 1603198353 
-1670096233 -1696108671 -800489945 
-1996934543 -1604413257 -1568926111 
-2136917433 -654767279 -967445801 
884605249 -1616358809 -474355663 
-1036326665 -1449873375 1622623879 
-1602795247 -144835817 990880513 
2140575399 2004659697 -1702909641 
859724257 1115603655 -1876584751 
-1815055529 1514427585 1008224999 
1591575473 552655223 -1537928287 
-847532281 1931474065 921787287 
531895937 1748070183 -2055706255 
-1538098761 582278497 -1875768505 
-981310895 -217795625 -1178933183 
-1645870233 1743347505 174623223 
1429845793 1076221831 1953030161 
-1857127401 -1212888575 -1103493209 
-741579535 267848247 599761121 
-103083065 -1645253167 -770526121 
-906118207 825326567 -1480754511 
-2000553353 1998756513 -2133475321 
1362234257 -1399497577 -2114863743 
634413095 -1822908303 -1618126153 
-113335199 2140789831 1313651025 
-1894091561 300732225 -770001817 
-684075471 371010295 -722485727 
-945067897 -967084271 -1629094633 
223015169 -1290504025 83696625 
-2060096713 1980884961 -1852939065 
460997841 -130288297 677913281 
-859722521 -1086426703 -1667622025 
1233199521 -1127821049 -1597693295 
-295674473 -123706239 -366587609 
2040125297 1661942711 2098817889 
265858375 1515720785 1268200919 
-1269844415 -582589081 950750513 
1985530871 -1078541023 2017982855 
-1118892527 -1859879401 -221112319 
-1088034393 1376703217 1262144567 
20262625 1251521991 1875254225 
927741527 1820559809 801693159 
744515761 1836661879 846244001 
-2108759545 148453777 -313368937 
-1161819263 -1775025625 -12841359 
-1076355913 88420961 32407111 
-794532015 -646252841 400792897 
1617499751 -1824668623 -1139053321 
-1399927775 -755266937 -2143050479 
-653656297 524959489 1131305639 
33655281 -1291375305 -1675004447 
1710884551 30601937 -1069320361 
-1924140863 2068254439 1982029745 
207576439 1223765921 -764546297 
812535953 -1704239209 -11488639 
183972647 -348174991 -2031616585 
-389940895 383471431 -1741570479 
-372918313 -1280801727 -58538137 
-302957775 2019888631 846713633 
1489378183 909720593 -409567209 
1236493825 -1595028569 1540702449 
228232759 502185185 615667655 
950061521 -1004423081 -2117249087 
-801357849 596072113 -1974698377 
-1543326047 -1373371385 -1098618991 
-424976233 -44934783 695346215 
77823089 -1992368457 2123350113 
262086727 -1744825007 762804439 
-23172287 1385396327 1338356273 
1010151159 -395191775 -1968722809 
103797521 768213271 688753921 
950287527 -1500907535 -1410011337 
1568998369 -943609657 2066718929 
1944516951 1090240193 1336439015 
-1148432975 -129982601 1520778657 
376509703 1511751313 -1022205545 
-339410815 -760998617 308851569 
-1747140681 497977185 -1388711609 
-1223725999 1435515351 1875202625 
60500327 -1078253263 -1735569417 
1702682913 -375374457 388459025 
480543255 1951970305 1804709287 
689942257 -552185801 837569249 
-1876428345 813660113 9648727 
-1042602559 445358567 -986561359 
1731969143 -2082945887 206906887 
-1439459951 547381911 27830145 
-410188249 -611390863 -2084462409 
488525409 -1330920889 -597703855 
319814359 2115844417 -1332094361 
1154588721 510390519 1083762721 
-156250489 -1876950767 623248151 
-493561087 -1699340633 714499569 
-134303433 1914999265 -1092269369 
-1081061679 -1691976873 -76837695 
1374016231 -948356175 -398597769 
916278177 -1865402617 1439476881 
-262839401 1979534977 1227683623 
655761777 502104503 -740354719 
-621505721 -286188975 385268695 
-1599725503 -91255961 -435611855 
1590792695 281407265 852909959 
-1743153135 -1202813929 717357569 
655462311 -236053263 1202590263 
-181544735 -1795580985 -1889393199 
1956691031 -458427455 381092839 
1231106737 -1941503369 -1980575071 
-1528674297 65454993 590439575 
2143483265 -662443993 -1140959119 
929063607 -1729045407 -317430713 
-708611759 306478295 1314916161 
-2105787289 -1436447183 -356633865 
1828976161 521400455 1444163345 
1193149719 65022209 1906573479 
-970533903 522482487 -1844961311 
1399123143 116718801 -1107165865 
1956600513 -1979763481 -773183055 
1683432311 -1797695071 1233869063 
1535236753 -1439406697 1442421889 
1989269799 1632079729 -1592114249 
-1017928863 -1475660473 2010564689 
-1241956905 -28643775 -379589273 
-1730476751 1395774455 -330105567 
1013481863 -250624495 1117029911 
619663361 -613584473 -297760015 
-815672265 531850977 992427463 
-1924607023 -1471529385 -1572683327 
-859937305 -401334095 -2123479945 
1850794145 2144037383 60682641 
1985898135 799097729 72796711 
-571357583 739976375 -1442354591 
-858192313 -1138024623 -1290469673 
661050689 -801464729 -1200260047 
690779383 632488993 198447751 
-1878237935 464652055 1156544257 
-982654297 -1321516559 -1452919497 
1966058977 -1925148985 -1990350127 
1685684055 1687627969 -747801 
316610481 -192125577 760833953 
1218607879 -1556412271 2024761239 
1136257665 1657977639 -117637775 
-1453128265 -1542704799 478009159 
-1983875503 -1164460073 1085520961 
-670281881 271643441 -38922761 
-1339815135 240558983 1510601745 
1131841559 450928129 -1868213337 
1444346097 -30304713 1769796833 
-1968119865 1647542737 596623447 
-1298362431 1151453159 -649392463 
-827226505 -386732383 -1525642233 
-514252911 -1574475625 -918318719 
1929751591 2036937841 -370022729 
140638305 1475979335 -946418351 
2105639127 -1053711551 -1579876249 
-1492293071 1639364343 581308961 
-990890873 1980271377 719456535 
1573045505 -1642871641 601075697 
516159287 -744801311 1954033863 
2127190225 378339671 -2091714879 
-1144653593 -1034418767 551397239 
-1206028895 -1776968441 1693988497 
-473536105 -146917247 368024871 
641100657 -1094203465 772325217 
1078753607 1554916433 -1395506729 
534809153 -829116057 -2079661775 
-431597577 339286305 -1331640953 
185082385 1123322391 -996807679 
1320760743 1634821873 1545426999 
-1970634015 -1953070649 1176645585 
1852916311 -843424319 -2040452633 
1426455729 -66008969 -1311179615 
481406471 -719827567 780954263 
78241665 747671079 -966483343 
-119232329 1811973729 -1770632633 
805731153 -108395817 -742362815 
-11836825 -1373022159 475855095 
467476513 1382569607 1074313489 
-55702761 106566401 60139175 
1441799665 121485623 1699400161 
285987527 523962065 1547469655 
-1999452991 -982295833 408220593 
1900734839 -316308575 971292423 
-658938735 1937337239 679904897 
-1746370777 552851825 1766361527 
424234337 460790599 681562705 
346604503 1406228545 -721874073 
745066289 -1795515913 -795728095 
726067079 1007308817 -921793513 
-636536319 497620903 1213191409 
1898256951 987500769 1171792839 
1897192913 284083287 -1415828543 
-1711502361 -1824200015 -1853093257 
-2130507103 -290533369 383482769 
-1551012713 -1714147967 955740199 
-52162447 -520918345 -1931275167 
-1873875897 762980689 -1355905833 
387137345 -258096025 97076785 
-518046985 -916967903 -1136887673 
638379793 420875543 -155885311 
-34371417 2140179441 -355239113 
-499230751 1794864327 -1565543215 
-1115159209 756454081 620543207 
1289085361 1842621303 -2072931935 
1007673607 914264721 -1345819241 
-1886202751 -256024281 557139825 
820333495 500030305 -1241662137 
630554705 2048607703 -1803147711 
-214338201 1095417137 -1848976393 
-1657850591 -2042033785 621837841 
1573162519 323782657 91552167 
1118978801 -985080777 846307041 
-1049246265 453741521 -1828174249 
71432641 -2022445593 -871901007 
388189303 242292897 587723271 
-559765103 -1993707881 1086487425 
-1606790617 1424457329 706620599 
587833953 1300467271 -135145647 
644810455 1126829377 2110531175 
-437439439 939359479 -485016543 
174889607 1611994385 135925527 
-422269183 -1792185689 -659228175 
1367686455 41280993 -1975052601 
1093165777 -1032878249 673079489 
-496886041 -1747267663 -1636209289 
906076065 -1533607161 -1236811631 
548630423 -463265151 678314791 
1593488753 -1650586185 -208246431 
400580423 -1953550767 1697236951 
-1711344575 827709287 -89085135 
1689722359 839926561 -911791225 
-31806447 -1995010025 676189697 
236772263 -2003259151 -527917513 
692792545 107964359 2080782801 
2092812375 -1884567615 1455902695 
927909553 349605495 304293537 
-1044573177 1684920209 1734570135 
-1317746303 1784230951 107932785 
1550118583 -428593055 -703319993 
-949123759 -414480169 268753729 
-1361672089 -2037046735 -1460158729 
555371041 1157151879 639714065 
1371148567 -1900544767 -784118617 
-1721931791 -1017970889 2112975841 
1995356359 849678545 -218953385 
837430977 94601447 828620209 
-1959088265 -1177178719 2071602439 
-1877676399 1312453015 -554209151 
1190864167 306455409 930271159 
1386411873 1226768711 -1836262319 
1574193623 473678401 -1756481177 
-1868916431 -1782620169 1194676513 
-43954809 -14099951 -754675177 
-787274751 1067498919 1375936241 
1256480823 -681002271 482675143 
-872093743 1443842647 98145729 
267825639 219788465 312856695 
1142502561 -758237689 -532871791 
-969379177 -1544874111 -1621879257 
1232755313 -3690313 -1893548447 
838914631 -739429551 2042890967 
899918145 -1950553497 532746289 
-1139932937 996235297 1944116871 
-1338937071 2113278743 -1503704319 
-1170919769 -108407311 -935542473 
212926945 955407047 -1356480815 
-686650537 41548993 -1765743897 
1366338481 -1139281545 -940721247 
-927381753 -68805487 -1067617385 
927972993 1415841575 1930531185 
-2040294985 -218921631 1371120455 
1921944145 -333788201 -751005631 
757242727 990414641 -1394368009 
-1801560287 695693191 1614481425 
-1014066153 -979602943 -1577017433 
-688812815 -1940118985 -188069663 
209103815 1124570577 -1493382057 
516645825 -1157491737 -2056740175 
-1735323017 1548960417 1580947463 
-1978649711 766080151 -802855551 
1193998375 1443481713 -1673104713 
-720024479 1766421575 1433461073 
1708690647 1812363073 478104679 
-378470863 -113229065 -370383327 
-1624964985 910532369 349050135 
-439707391 1476595879 825902065 
-398294217 1723109345 -665715513 
-290820911 -154268329 1372441281 
-1648737049 805411249 -1190055049 
407488929 -1806407417 834357905 
-14912105 -1519645567 1487464743 
-1184694415 309351351 -1937239199 
967853383 1670658129 -1745007145 
1996578369 -86835865 838497585 
841212919 -766808799 1441370503 
1498494481 -491481577 -1108754431 
1027375527 1331952369 753919031 
963630817 -578531897 420365265 
-142193065 -1837026879 1609135591 
-667184975 781735031 315707553 
1812232711 -1712889455 632714903 
-299650175 1776146983 1679636081 
-1176423241 1884019297 -2081548729 
-2080862383 864620247 1798128961 
1763552871 463793201 -393313033 
-457477087 -825941369 -262288111 
-1639835881 83486465 -1297288537 
2020520433 -1419492041 1140596193 
1561173703 691215057 -635072681 
-672819007 579839719 85362609 
170292599 1659492257 -431256825 
1771337873 -1837664361 -515089791 
1539951399 490237297 1670976951 
-681533087 151185223 -1650596271 
-377761833 -1081463743 140468071 
-1385143503 -1384110601 -1203995871 
-1967672441 577463313 -1200187369 
1912278529 424960935 -212178703 
-1264605641 1566139617 -1746014265 
-2045185583 -810823593 419102657 
111990759 1033010865 1555797623 
529751713 69835783 1203933073 
912226455 -1243217535 258784295 
-1414224783 -526911817 415656033 
-1980843961 -1752941231 1792381143 
-350743743 2040008807 -295904719 
301516535 -473005535 180438151 
377092881 -1571677929 -1142082303 
-768420697 120004593 -1717434569 
1552395233 -819642169 -1765816111 
152637783 1287743169 759236839 
145716657 928495479 1607329185 
-962679545 -613308783 40794519 
-1561286527 1707519271 -695084175 
31315895 -1954730143 -944666297 
1487639633 1754681815 1691810369 
1573372263 -446017231 -1493669897 
-26113759 -807283321 -209087983 
-858482153 -1714398207 1044923815 
-86714639 -1419024329 411497185 
1135841735 -1037590575 -1217572265 
1782107585 -1219741209 -311595855 
-1426401161 983133345 782941703 
-878592623 -408651113 -546549887 
1071095335 1691357809 -1737836361 
-2038106527 -2092213689 -938218671 
-1816259881 -1547247295 1441690215 
-1718040527 -42006281 -1624928223 
1528391303 -526767855 -1459741929 
-1029405951 -1097550169 358845937 
989579575 1750546913 915989191 
1867544273 195597143 1751200961 
-976327961 1925997489 -928712329 
-956959839 1028509447 -1085090671 
-687768681 -1571228031 2124386087 
493832561 1967036855 1625144673 
2109483847 -860011951 -1655909417 
518506561 51127143 300433201 
-1500730889 1558877985 761788295 
78364689 -1479631849 -311842303 
-1273485401 -1647098639 -1722602953 
586711265 -388680761 87707089 
919262295 1044028353 2043124711 
533486257 -1588192649 467892897 
-209199097 1568992145 -1048216425 
582393217 52330535 -948993935 
1767471799 1904706657 2013527111 
1302829393 910333143 1295626049 
102814823 1431877169 857819895 
-826237407 -942831481 -2034346223 
977673495 -786444031 2144508071 
-618398735 393317175 527091681 
-1687649081 -354081583 1775506775 
-490405183 -197669657 2070761905 
1175337847 1348600225 1381560583 
1295516305 -1741652585 -1752873855 
-1370197721 701544305 1169906615 
260197217 857918791 835907665 
262100439 -1514367423 2917735 
1793731889 876407799 -1951947487 
-1421207161 -1915621871 -781935081 
617019393 -2101081689 341160689 
106359863 883822305 -1890396729 
-2024735791 -708553129 1291872705 
1444871655 212814001 -942842761 
2071038113 1522598407 896276881 
1275231895 935652225 1631674919 
194178673 -614187849 -1848765855 
1880661575 1614759761 -631040297 
-1620017855 -1842399641 1503437873 
987729143 715107361 1490922119 
1088849169 -567664873 -1621156095 
502037159 -1872205327 -1224520393 
969037281 93595335 1098765009 
-1415866537 1944899777 -1065537817 
1519534001 932412791 -1273884767 
230691591 -1121898351 -839155817 
980783745 -52079833 867575153 
-78373449 1332402529 -270176441 
-1075012015 1200478167 -1319803839 
1562961767 678435633 -670487049 
1118352161 1367882631 -956556271 
-778657769 -135772671 -1303647321 
-1772347151 2054598199 94870753 
1059878855 -2140427823 475650135 
1317681089 1414684647 -334088527 
-1503617417 289642145 1817584647 
-1957214319 253460631 -694732415 
1648378919 1765432433 1988820663 
-1621581727 1938374727 937096529 
136288471 1382763329 35231847 
-563834319 -1665544457 1791146529 
373935239 1192407825 480911639 
-446534399 -1595777881 1831917553 
-1582231753 1868424161 2098972871 
-1424326447 1493113175 -740778303 
849252583 1211837873 624213879 
-1442439775 2005087495 1192124049 
6455703 1126817921 1917990183 
1931449201 503898039 -661166239 
-1140584121 -1358279599 -854042153 
-105762239 570509671 -2105931471 
435253239 971882785 673340807 
-399881711 811901463 516789249 
1253035431 1541836529 2108846135 
1306864353 6429127 680155089 
-1836361129 -86506047 2086781415 
-167697231 -988815241 -1789287263 
809977351 -1756990063 -1831828841 
-1221752959 236660263 409324145 
-1026703177 1378299489 -1974083001 
209363793 1199053527 506075457 
1574959719 464551985 -525332233 
1193920545 135392903 -784146159 
2110137111 1529461505 280247975 
-1451407887 1601884471 2017292769 
167733959 1606102737 -100754601 
-1165464383 1385951975 2087197617 
-1762524809 -365024351 -1750968569 
587173009 -1218083945 1772236417 
379262759 537723249 903455159 
1661465953 -1619086521 925629009 
675208151 919797825 1454746471 
-1324878031 -2114604553 695652129 
924352391 693925905 1976476695 
1366745601 1408216999 -1661666063 
-1744162249 -983123743 -621560889 
-1213397551 -1067918249 166319041 
-699587609 1651511985 -1411702153 
-1078742367 -1366005753 -1858493551 
1596032151 -1853368959 1825703975 
1360345201 1210876599 1647950945 
-1132559289 371085649 543988951 
-1163073727 -1383965593 1233153585 
-1899867401 2010437153 909512839 
393678609 -1988221673 -1196095231 
1969365159 2102244337 2019595063 
207683553 -1270936377 -1755325231 
379198807 -537118015 678778087 
790170033 348865399 750401953 
1981643015 -1997227375 2063893911 
1709079681 -239077081 1920888689 
-892968009 -1497595039 -1571465913 
-1873696687 -520004137 548916801 
54922599 -333847247 -1743391753 
-918299359 -2039832185 -1030576623 
701802007 1206136833 -703884889 
-1853396239 1367209015 606881505 
-689873465 1708372945 767712855 
868196801 1779729895 1768095921 
-490576777 1213317281 -281179641 
-1322200687 -66156905 497427329 
-2040206809 1263052401 -1901640521 
-2020586911 302196295 -1933181103 
452796119 -537676479 -117391769 
-1613472719 787518711 -1262230495 
-1464454521 1370438929 -942528745 
-1241229567 -689175897 547496433 
1952601399 -473395743 -2082820409 
-1979151663 919707479 -63698751 
-1138051353 -1739720783 650151287 
695879585 452238087 -1326585711 
-750811241 -270611839 197188391 
-1569464975 1691297207 1538593121 
-863504569 -226797999 2136989655 
1868602433 800223079 1806684977 
-464374281 -782963935 504939399 
-338897903 -730421225 -1172996607 
-654085209 1906170097 839759415 
573953249 -64290873 1795056081 
1657266263 811167681 1069017063 
1121578673 -238705033 -416035167 
-96293881 791412625 -241727337 
327709057 1658047527 1056969841 
507381431 2049628257 -1830565817 
-1468945071 -1087790889 1174307649 
1213931623 1454131761 1228592887 
-1242107359 1737643143 -1209308399 
-1061017321 186098945 1028777127 
-881160207 -612362441 -1233904671 
-2133700409 1874147537 -492494505 
-953166143 364648679 -267983439 
1423034231 -1736551007 -1909998329 
-756345199 1209436567 -1079830399 
1822276903 -403879055 -1946949705 
972136289 639015239 -1784085423 
-1957010985 -624072127 -470101657 
1741275441 -290818057 -106301151 
102950279 -586481135 -38491625 
1611320321 1691833767 1966622449 
-1044809673 2005099233 1389404615 
-13824047 -412523945 -1212727871 
1597458919 651484337 1625614455 
1415175329 -677130745 1126903185 
-943945065 724483969 169782823 
1681621617 2129709239 -234264991 
1193306695 -1591649455 -1796070697 
-1530048191 -1550744985 -1509410767 
1705056503 862847009 2060088967 
-2111071983 -61986025 1877930753 
-1332492633 -1244201487 901372215 
1013164513 -1289358649 -2140805423 
-1575705769 -118512447 1026128615 
1849938865 654248311 835085217 
-675881209 653018257 1636404119 
-1926535551 475438887 2062203249 
-936072777 -109957791 -1224656057 
-1311067567 -1930370089 452868161 
673133415 409448241 1058978295 
-96270559 1183385479 -833802223 
764324887 -238806527 -2121844825 
-732515087 -2004796873 -602607391 
-489536569 1516223953 1135010903 
-2116482111 -795694105 1297337009 
-1205851529 1204021921 -1889472505 
623795089 108891287 479792513 
-2075815897 -218435471 952076983 
-1490291615 918096967 -1361770159 
609658071 -1268768959 312730727 
-974641615 203643639 -450294239 
-362899321 -395327727 41299223 
-1668660991 951167143 397896689 
185572151 764884961 584422599 
-199584559 -48224937 1232302785 
980606183 1258602929 625494903 
-1387105887 -6160121 -453938543 
-1483174505 276280449 585859367 
-1821628559 -1584305225 1379318625 
-2025333433 2131779665 203646423 
-403503551 69178727 -1249272527 
1571748855 -1960831711 -414504569 
-141337071 -335237609 658597889 
923998631 -956751119 241499191 
132808417 -1271929401 -1265210415 
-8362409 1186912705 -1681256985 
-296306511 2138532983 2037512353 
695865863 221612433 903515799 
-1614324863 -649563609 591289969 
-743813961 1368556129 1772990023 
160216913 -178837801 750185793 
-1651358105 -297003983 -993944329 
-2094523359 -1102136697 582481169 
1530539799 1223266049 -575960409 
689691121 -478061257 1108264417 
-673106233 47399633 2076682071 
1891320001 362299111 -1102467151 
-676491913 -1021149279 233382663 
1157275793 -1572630633 25690753 
-2007211225 1769051505 -1609945673 
-62961311 -1628799161 894045777 
-1863194665 -106179519 2147219303 
1999604529 -765772297 1681990433 
-261534841 -1864528879 -1055477737 
-1199393279 -1921320025 -2061528847 
-614154697 -1291580191 -823556153 
1171331537 -1560942505 -1100437567 
-925011993 1105045169 1055567479 
-1587280223 -1376832505 859879313 
-573337449 1824106881 287790119 
755354737 -676262217 -1455615903 
-402763705 -381131439 -1879856937 
-976110783 1281140839 1463026225 
393993975 -982832607 -23405433 
1761878801 -1902497513 755817729 
-1484690265 570705905 1192173367 
835343329 -632760121 -460328751 
-1509217961 650579649 -694574873 
1220017 -970010761 724995489 
176964871 2131218065 -645230185 
408703105 1420379431 888865649 
1268707255 -1349789855 99164487 
210222161 -1554224681 136880705 
-1548461721 -1789298383 623083511 
1034301729 1776512391 -768886255 
885305879 1569195009 -1933648473 
1187643121 2004910135 -1788765471 
989800903 1175439313 -1241028009 
-1596557887 1607258599 2145948849 
2121920631 2006586529 616584711 
-816847471 -2039967081 997193601 
870463015 1213282929 -858533705 
1714134625 -1179979193 -2046291119 
2083269335 934316353 654510695 
950005809 -1940774665 1676818465 
-1287455097 -212578031 613823255 
16001793 -1640804697 980465137 
-1111957193 -1261837855 839678663 
-783245615 65710935 597089473 
-2055798041 1214221233 2026639735 
-1651598431 -41195769 -887554927 
-714239081 217357953 -1882052825 
772305265 743420343 605840737 
-1002192057 1019832913 -882709545 
-882282431 2001255271 1208444721 
-569916937 -816890079 1538887559 
-209852399 -821119977 -833531391 
1021231015 1140354289 1790460471 
1728260321 7392199 -313362991 
-1061884841 -1509407807 1754805223 
-529038671 -970640777 -1273748831 
-1779599353 425923473 -1214671721 
-1008056959 1232672807 -1390368655 
991072951 1079913569 -424438713 
399229265 1107340503 978540353 
897936487 -896541135 -1421581577 
381503009 -465100665 -106397935 
-1523698409 2090825985 -910085977 
-1436474383 -813784265 -2096271391 
-416539449 18173137 493235543 
522889921 707814631 -818906703 
2005226359 -768955999 -286881529 
1630415505 502044055 -1756304255 
1104611623 -1936072847 -904105033 
301003617 -503683769 -32565167 
-1861915177 -76661183 45686119 
-952543951 -2063072265 -784577247 
-840191609 752096785 401913367 
-1025597439 -1512398425 -1263871247 
1024197687 -538396959 658402759 
1939416017 1258188375 -2046946879 
-348154393 -1685425999 -1645448073 
248656033 158767623 1232748945 
-110717289 -1104637055 1508637223 
-1821108623 -1435675465 -271271327 
1998075463 -694980783 1769025239 
-2051398335 2145635943 1157876785 
-61692681 -1781771231 -1717091705 
-1275024111 -1738393833 1477363457 
841683623 -1445621263 73426231 
1419050465 27770567 -1411515695 
2055057239 -779978559 -859453721 
-863672399 1247450487 -2130004063 
-425874681 2034718865 990353303 
1869691521 1924655911 -2001777295 
-1392167497 822706529 1728907079 
-2007447983 2084827095 1345784897 
1308983143 1257194289 -1574681097 
-76719327 -931540089 -1238481903 
-1753827305 -214962687 -810384473 
-790542095 1987823159 -1206762271 
-1217916985 283365841 -589041577 
-122167359 -272435225 -383689039 
-1915767177 1070874273 -2024031225 
-1751814255 -741369705 -500506239 
1832573991 860587121 -1562110281 
747587681 1926813767 -94429871 
2055057623 -773524671 236859495 
-537150927 125626103 -1725996511 
-614243193 1516034833 -2043528937 
1262621953 -546245465 1892548593 
-463591625 -513766431 -1988140857 
162179281 -1557057193 -224508223 
1966549223 2019448241 2035013495 
1647232417 -323957497 1264879249 
-1262577257 1297451137 712297767 
1514716017 1560934327 962989921 
1534830919 329675857 354316759 
-2117871039 1630396775 187248945 
-1118009353 98724129 1399059847 
-947097071 -711673321 390413313 
-1033476697 -795101455 -1626896329 
-1484795167 -1192382009 -47022127 
-26906025 -1237996095 2116180455 
20729009 500103287 -15053663 
396156423 1001692561 -824927593 
-403624063 -1956266457 -995691919 
-1401497417 -1366436255 -504006073 
-1154561199 -47828265 -690765503 
-399207833 -747132879 1422076151 
-659132383 -1317304697 616368401 
-157402345 238641921 -644688217 
927624689 -143136457 -512747039 
-2035088697 1383814865 528528215 
981341377 730106599 180044721 
-1940317833 764859297 153087751 
260420753 319921047 -386017663 
1896722215 962996593 1646967223 
-486105759 -951694521 -671604143 
-476777513 1209313345 1144144743 
1072111409 1588644343 -1466206431 
1990858631 -1729191919 1515109399 
-417428991 -2047457369 -338025231 
1051675191 1714512097 869225415 
1887776209 931329111 1987541953 
-1638024217 467352241 -706069897 
77879969 -1036386297 1842858897 
1920310423 -2021950079 -1133731801 
2139512945 1327864503 768631905 
-865199033 1359116625 2037036247 
1283886913 371651687 1467455025 
1814391543 210861601 602908807 
1260467985 1906720023 1492431105 
680573095 894098417 -978474185 
214149089 21144775 -1102052143 
2003580247 1629610689 -139596569 
-1147391567 193092471 -1690115679 
1139478791 -39132527 -570385001 
-93707135 1317179687 1577555825 
1147632567 -437572767 -1301484217 
223203409 1873245655 1529443905 
-15555225 556338481 237046775 
-1684503263 978073991 1649724945 
-1381712361 448518145 576858535 
1520210673 -579662793 -1406734623 
806155719 -1562649647 272397911 
-243447359 1484070375 1895704753 
1042381943 141715617 -1892474361 
1711208849 1186111127 2026490753 
139428391 -1679176079 317742263 
1649865313 977452615 -203806895 
2001417943 -352494271 -1611311513 
-1543797711 -710693641 -323974111 
985647751 92890385 2135572247 
-478937343 -731211097 -1563473423 
-687903433 458962401 19809991 
-2060930351 854832983 512340161 
-508342553 -1023336527 2127011191 
1664282529 -1525533945 1305743505 
-1651794025 966423169 -892112089 
2950513 -1950335561 -99370655 
619679559 -341344687 1096153047 
1929528385 -1714485401 -420545743 
1403866615 -1764125919 -1505076345 
1539243025 1469497367 1780295169 
-1616245849 1424163057 55758391 
828407009 -1247373369 -868841007 
278001751 -548988991 -1268219929 
950343345 -562774409 -1031506271 
-2037890041 1546266513 -745824105 
1943804289 1997431847 1372666993 
2144804535 69304417 863199303 
-608840367 2127018199 1782065985 
-1918912409 -251432399 423489271 
823368225 -34870137 -1946840303 
-1484111593 1706511617 -450855769 
-1210599439 -1284690121 -986266655 
-1904875321 -553295663 -636012201 
716537537 -241913625 1491733937 
1848172407 1030159777 882201863 
939605649 -642604649 1586413697 
-301968089 1473672049 -1070268489 
-679458975 651047239 -1425724335 
-526353961 1201607233 476539239 
-919017167 -1219129353 1381933345 
-1029407353 -1121113583 -534461929 
-1925024767 97381799 313356017 
944672823 -1377957151 -862176825 
613758929 -1065125289 -137042495 
-1170742809 -1429207887 1055129719 
-354777951 -1338415609 -2007411311 
-1593793897 816998273 279528999 
-650335631 500818103 -886043039 
-1073741241 1083540305 400571095 
-2110326463 -416933273 1989107761 
-1091292937 -1850038239 1970540167 
375767313 1919304471 -1749116159 
1655856807 -1402722831 -487132873 
-1034530335 -1323726137 65408721 
-187253929 1034243265 793907943 
-1252590671 1638277495 -505476191 
-93030649 -198021999 443917207 
558304897 -1073137881 -1660690063 
1774567863 909170017 -1073163449 
-2090411439 -712573993 -1862279103 
-1898198169 448305 -1055272457 
-2044219615 -1755668601 -1096853487 
-816921577 1009500673 1556991911 
-872686351 73814583 -643852063 
2095963079 -470293039 -1475281833 
-215567423 1910719463 -8457551 
-412138889 963941025 340166663 
579634065 923903127 1733080449 
-585095129 1781274737 1962451639 
1870830689 -404183993 1517891921 
-896221993 -352729279 -1266123673 
1822379569 1321628407 -962218463 
-1453838201 -589697263 1742619927 
831121665 1428177063 -1200319503 
-308497609 -893788191 1897475271 
734706897 187841879 257497793 
-1561627417 273148337 -515939465 
144382369 -22046457 -1167615343 
-405494377 969104513 1223563559 
129322865 275940279 -836410527 
-123767481 -1395881903 -1475772969 
119844417 -114545305 -1017592527 
-117828617 -365642463 745324935 
-1743419887 -1391147497 785977345 
-1398165081 -1194439951 -275114953 
1822762721 -828670521 1113494481 
1329233495 -1992523327 -479549977 
1857151153 1612088439 1716691105 
-1162892793 1656992145 499033751 
-810876031 -462222809 1017087601 
221471927 -1457968543 -1288878521 
1633738577 518340311 1551930689 
-37298585 187907121 1354020087 
-2016099295 -1583852921 391257361 
267536151 -350669055 -999677273 
336134641 1532917047 -1771999775 
-696987961 -1900844335 -1523990697 
1473308865 1415632615 -1581459535 
1962190199 1771775905 1229372167 
-1029650287 -909138025 1610852993 
-1867580633 -806699663 1010517431 
1465774433 -661514425 1597388369 
-534249513 1645050945 1666748263 
1261351729 -420063753 914737953 
-1982143609 -2121288687 24561687 
491412993 -43936857 287619313 
-2115381705 518960353 -911925305 
2009678289 1040187479 1914064833 
382601191 812175025 819578487 
695512737 -1418408953 -2130780271 
-586700649 567103873 782363687 
-2003372943 1854547639 804501601 
701360199 -1924362927 -1663975209 
-1899273407 -891207577 -1974785487 
1287583479 -1924672991 1714713735 
-36812015 -224245481 2087486721 
-1198521177 -148803599 -1271122121 
-582157343 -382963513 1688213713 
1253917015 -821250367 1269971175 
-1581922895 -1530534025 -1126222431 
-499524345 1155397265 1214687639 
1275590785 -1622418137 765733745 
1965033399 -1982169247 1742780743 
-761011119 98730455 1505380929 
-715067033 -813129423 319723511 
588962081 -1213921913 -1290935791 
1416940055 -1082151935 1458927015 
218048241 1129682999 -1468251423 
1980416455 -1137184815 -60718505 
1706302913 336423399 2091105457 
-507967369 987413665 -292164089 
-1254224495 -51598697 364093313 
-1012085209 -2045615503 553445559 
-1139653023 1405782599 373046097 
-866499881 970600769 601334375 
568793137 -890947337 -1895899103 
-13855097 -934381295 -1745990889 
-1652305151 965863079 -1715610127 
-2143946441 1467779553 -1321200953 
-443496751 -2081635497 755795137 
-1864394009 1211282353 -122476169 
-1167637599 -779550969 2032084113 
-342250601 -1244641663 2093268775 
1491179889 1126222263 496700769 
-1366598841 1058378321 -1590098985 
-1507125183 1464161127 -2006544591 
88267255 1744037665 -1110759545 
1687162897 772721687 -847709695 
-1050323033 -463629071 -1143121353 
-1051864863 -607362105 1202363857 
308216919 471198657 -483865625 
-1956468047 -88847753 1384434337 
-1944907769 931216273 91073687 
1667100033 -1416384473 1829884017 
-1400132937 91542625 958606407 
875555153 897500375 363659073 
279577703 168232497 1395096311 
1157230113 1954592903 -1361926383 
-2015998697 106897665 1332725927 
870206449 1196145463 -1125115935 
917484743 1233482961 -659012265 
701518529 736689383 -852254287 
-121869449 439570849 523510023 
-1755032943 996715927 1432130689 
823763239 -1985804431 775785399 
-895509663 -1265500857 -594853807 
975930839 -10492351 -251284121 
-1379369679 1167268855 -1122962143 
-1538438777 -837403119 373607959 
-13219839 1152465319 -817888527 
1937841207 560160481 48891335 
1377913809 133727831 1295759809 
-1944048153 -1801086799 63671415 
678615201 -1947454969 1070098833 
2123017879 -1026802815 -296316377 
1972715121 -1724486473 -1004838303 
-505950649 522688337 1614759639 
-633090751 -1722259865 2058023985 
1837481207 1731787809 -835659129 
-379923183 1247432471 1862168321 
36285095 -41764367 -1854046921 
-978868767 -2122623289 -931257647 
-786446505 2102927553 617504487 
1756925873 752987511 -1807523935 
-751090937 -676495215 -1076645993 
-491986303 -1001749721 -135760527 
-1099543113 1223174497 -2114674873 
-486216111 1488586711 492352577 
-1432217753 2007919409 1543462391 
-630062303 1932225415 664824849 
-1793667049 213358081 -388424793 
94793969 -230629833 -2135102239 
-211572793 328989137 1697515607 
-1322940479 385060839 -798193999 
-2063675785 1956964001 -165587961 
101947281 -263999337 -335640191 
-1812630489 -677598095 1862086327 
-1341788063 1441296455 253969745 
-727988009 1067359041 -974993305 
-1412242895 -1577058569 -1380185567 
339541127 -1343814895 1736069399 
-1889420031 1505725607 782968817 
-422887625 698561505 -1717372729 
-1703227183 -182236841 -542904639 
-2087730969 1388412337 488828791 
-526946911 -174168825 1912254097 
14332311 364982401 1045914919 
-609098895 2076905399 1349826401 
515064135 -1971151791 -2065397289 
-1206549951 -1944422041 504912177 
-796418057 2014777633 845516167 
-1456563695 847565335 -1375935487 
-1243808345 -1081024783 -1071865801 
-1755677983 -1254536761 -1004886063 
-1308652969 -2927167 -1952255513 
1991734449 105779319 -283446111 
-760056313 -1033714287 -493309289 
-1762338943 -1536141785 -886564239 
-1243615049 -2127266207 -1655369145 
1008923473 445926103 -37918399 
-1639372185 -713109455 2023112951 
-796714975 1319444103 980889873 
1731613463 529074945 1580297895 
-11037199 -818609865 -1595751967 
-2027513145 -142901551 -859649193 
145996993 1345135335 -1018270799 
1367355767 -1221624927 -1906473209 
-1639195503 -2038582377 -1499890047 
-1488959705 1828671857 -298069577 
-1723513503 -1832000697 184830545 
1185614807 -2020192191 -1653679257 
-653899983 724296183 1308630817 
-369381497 -1967077359 1989071895 
-1694092799 -1279467609 889146609 
1695834679 490473697 1349184455 
-1684187695 1986858071 -247127103 
-231844889 -1081711951 263803511 
1339359905 698324999 -1397361775 
-578177897 2075075969 667367463 
-2009626511 -169954633 -274264991 
-1071795129 -567893679 -1171731241 
-861915327 713788519 799981105 
2034795255 -2020727263 -2056699769 
-1056219375 -779201257 -680240895 
394219687 -1484258319 -759512265 
-479834143 1376140487 394276049 
-536982185 -1333294399 -1834580761 
-228632143 1375302519 -804550239 
-1518819065 -1801385327 -658721385 
1295371393 117778727 -472858767 
-1647799369 -614870175 -431717049 
-1668679599 638422487 1138433601 
-425771673 -528992975 -202628105 
338504993 -1578249849 72807953 
-382413289 -1949073407 -361184857 
-1645102351 1764238391 -899574047 
-856126009 -769391663 980848215 
1031467457 1385543143 -489074511 
692098167 1322455201 48806407 
-49471087 1763096215 1378710401 
637147687 1187706481 -1225165641 
-1285711263 -968731065 758009681 
995708631 1682376001 1923739239 
-228414415 739689719 -1965214687 
-1064738169 2074316049 780293911 
1864607489 -1918291289 1597796849 
2036106551 -1456611871 37871303 
847829713 -1227501737 -1893771071 
1392240359 401885105 -1500596873 
-483682399 1123011335 -1929758575 
2140649367 -1047127423 1705380647 
2015767921 309417399 -827170463 
555165511 1997776465 -1425272873 
-1528566719 1873518439 1819157297 
-1295489545 -2103559391 1648096135 
1307649041 309778455 946130433 
1645257639 845687025 1415046711 
1456153825 853684167 -1615941167 
-2044981161 -1670070335 -1260840985 
414203569 -622602633 -1542119775 
1720572935 -345485423 222279831 
-764427903 -1492583385 1055024241 
-2127546697 -2074597279 -1211959225 
1631190353 640012503 2092028737 
2124697703 1436195377 419497719 
-1838136799 134579335 -1572881647 
101865751 -1634274047 -928050009 
1584717809 1260013367 -1439077407 
-1613135673 -2137683759 -649506473 
1551574721 -1725085465 1812805041 
-683673737 -1466980959 1858268423 
-1084791151 51296663 -1145411455 
-886903513 1644141425 -734652489 
726593377 1262864711 -761179055 
1571197399 1655749185 1083441511 
-1259859663 -272586761 1364412705 
853939591 -1617997295 2052381207 
1488591873 579110311 711104241 
-1365006281 2054730465 -1977101881 
1010655185 -513961385 -969765439 
553155047 -1727320911 -1398597513 
127610017 1552875015 -1345880687 
1376041623 -1267331199 -1292640729 
-1468149135 -595396425 446084705 
-1667261881 -1303794863 42881751 
-840916671 1450881639 -1856600015 
-939046665 1447514145 1675470471 
1826613521 -532784361 500056833 
-795806041 -583971343 -806090441 
-1635190303 852304583 967194321 
-816262313 -795151167 1832561383 
648684465 1812806007 -667438175 
821169927 1673041041 -350110825 
-207440255 1065078567 -648214159 
1796659639 -1456505503 1825598279 
-416087471 -975367209 893487169 
1633182567 -236585167 852814327 
944527137 468465543 825327633 
-1462838249 -1529648639 869558183 
-1109326607 748087 -311803679 
-624331833 -540013103 -734325673 
1924422593 -1628185625 -1679156559 
645814903 828717729 -320069625 
-2111132783 -1083851625 -1337959039 
1371193383 -1147322255 1358019255 
773407841 2094545991 1482512721 
1486017751 265514817 36508775 
-577341903 -1054242057 -1906155999 
-602814329 327423761 1158044951 
-1530294015 -1387341657 326220785 
-1880503497 1042057185 -1021524793 
-1782913839 553932119 -1551973695 
-685503257 2144014769 -319390857 
706986401 -1854066425 -1306672495 
-1076839017 558826625 -894389977 
373192561 1595120567 5507937 
-1917383353 -322391983 1806669271 
-728345023 -638007961 1533537585 
67447799 -276208351 625891719 
987213329 635756055 -726616063 
-1644148313 618885873 -795923401 
1738526433 751244743 -1033454639 
-424372649 1509566913 919289319 
1498220721 -797598601 -646756191 
530924039 -1701717615 -580731241 
2110696321 -1956797913 -1337938319 
1719434423 1994379873 1617747527 
-1955264687 -1338812713 -91603647 
-1984203161 1918526513 -1939354377 
-222204895 2023877255 -835959535 
-1133879529 -343351551 1726528167 
959850993 318475575 1089738209 
1489528519 -858549551 1447810903 
-1926852415 -555127065 -1351614543 
-503595657 1448333217 -1738255609 
-494473071 152813463 -54570367 
1958843175 1352918385 942431671 
-390293151 -1241927865 459431505 
-685893673 -122739647 -1300945049 
695065393 -346984969 789213985 
1460435847 -192816111 2039930903 
-1605237247 1762143143 -1754668815 
-1473319369 -1592173343 -2011121721 
469854673 -1597368233 872675265 
-260136985 154400433 847830647 
-1211803999 -54893561 821888913 
872136855 -719259263 1742504999 
-1100473231 -1524416841 -1393926047 
1331527751 -2087668399 -1854940969 
1174735681 -182069145 -2019405263 
-1312682249 996440609 1099828359 
-724012271 -831889129 -1442042623 
90086567 -2038523919 -517386441 
1594860513 -70252345 384843985 
-147891881 1167220417 -1937059609 
-308744783 -753074313 348642721 
1302820103 754196113 1325580695 
1039376513 1169061159 -1064479887 
2120294327 443098977 -308784825 
-1426060207 -1876387369 1502343745 
-221410969 -1812477647 1891217399 
-1362132703 -1188651641 -1775236591 
736420375 -1078504447 -1662251609 
1299468017 250261559 1373039329 
-187278905 614471633 -1971611049 
-1194211903 -737279513 -476126031 
-726130569 -2074385247 -1943304697 
2104243601 1261486743 1849116545 
-281582041 504597105 -1796865865 
-2009534879 1370104391 2024825681 
-2075632937 -1438394047 1282161255 
1433288753 -1187491593 541820961 
1054224007 1602789649 50750231 
-1739359487 -1867481433 860554737 
-2106388169 1349464545 -1271682361 
-1408176431 -1951474857 -2067649343 
-402115865 1917180849 1213874551 
494922657 -1186556153 -916108143 
428196759 -1662259583 1165448999 
-1644510863 -1179524681 1297724769 
1016263495 -744375727 516889559 
-1356021695 -1560155289 -754600143 
473821687 651726625 1402781575 
1474443281 -993074153 -354377215 
1101787047 2130885873 -1933413833 
836270305 2062023623 339920337 
734600279 -1604086847 -377920537 
546165425 1057186423 -147492191 
-705124345 -1210096751 -1425947497 
17929601 695093287 121829489 
-1111178569 -1060406175 1867695175 
-1563160239 280812759 -549017791 
-1752261529 331230769 717918967 
1500943905 2021281927 -1505964271 
-499227369 1851705601 283009191 
2006676465 2128139063 -854409247 
-1980543801 -1003119407 -1681236649 
45480641 -111045401 1970719153 
-910982281 679213473 -482232057 
-270894447 -257636969 -777503615 
2082224423 552349553 1914610615 
965624673 -1427532473 -850958255 
185703895 -1315860927 -887992985 
513254705 1977496567 1327865121 
779018631 1905813009 -866851305 
-640815103 1598542247 1679108849 
-1447676873 -115472671 576036295 
585724881 213032535 -1564909119 
952157671 -134168399 -110451593 
-934051679 -501102073 408326545 
-613497193 1169154945 511781415 
-1309251983 -1480620873 245500513 
-1336449465 972799825 -1093837097 
-1660062399 -561185177 -91087823 
-1904683785 -1629117407 -159747449 
-520815343 -200120553 -466741503 
-1914158425 -1955601935 1582994743 
-1929753119 -2062618937 -1755428143 
-1350443177 2003683521 -929630489 
791394225 -550976137 -306444383 
-744957177 -665605999 1549780887 
-1809282431 -241362137 -2124309135 
799499703 -1761160863 1083979591 
-806283695 -588242985 414866497 
1929293671 -1364356303 94008823 
-541676767 1369244551 458396689 
-898177001 1149189633 -37768281 
883661041 -305793481 1604818145 
-216055865 -2003557935 -1254612905 
2010329025 -907794457 -1577603407 
-1947343241 -1347055967 -1197020153 
-690897007 1685571735 -200134271 
-697299929 1445844081 -623491401 
700225633 481822791 1982295377 
377086167 -1684520127 694640743 
1105857073 1816336119 -1466387935 
-1059679097 1202793233 -1065195241 
-1312725759 265168039 -1496821775 
-1460119753 1210440673 -1383690041 
1569388753 1322606935 -1695967551 
1571313895 -681269839 280627063 
624956833 -1840513785 -1160718703 
-457782889 -1670588287 -1376125657 
-145028239 2051811255 499343201 
95082823 329172049 476750295 
-1666766271 -1564012185 -1152941775 
1400027127 -1869891295 -987290233 
-1928281583 1194650135 -487289855 
622040487 684066545 -521029577 
494215905 -180035129 2101530577 
-1386634665 -676266559 -1528591897 
1450351793 2123180151 1700502689 
1636306439 726723985 -836973929 
-1002930303 1497034279 736707185 
-553056073 -904190367 -1133204921 
-1890116783 -1614650665 -1830350527 
-2145533337 566622257 1277778167 
781172769 -544295289 309418257 
-812750057 -1894206719 -1634728281 
27573745 -424535753 -1231722015 
190460615 1320920785 29680471 
623469761 -1063929113 -1507748943 
-429438601 -2029509727 660283143 
-816708463 296340375 -1569380735 
-1187848409 -1160218255 -636687945 
-2050757279 34962247 -800034223 
1367417815 -178784191 1651209063 
2087022385 -412681737 430229281 
-1861400697 -19730415 -896603113 
1831721473 -582781017 2019849457 
188316215 -360271647 818316231 
955612625 2098668631 2052246465 
-776016921 1299286705 1497918071 
-1589269855 -456839161 1305746321 
-1604465513 1847774593 -1360932825 
1797828721 1012386487 -1480739743 
-1752347577 -1114977967 -492378921 
989454145 -357555097 -769268175 
-1238656265 -389362143 1520621703 
2033551121 -1456050921 875823361 
1110304935 -737858575 -1618486473 
-1874266143 -1500916537 -1561307951 
1347446103 -835898687 -111207193 
-748518991 -399471753 -887869023 
-1698283257 1305948817 1798884759 
1581347969 457687335 64612209 
-689329225 -2029487263 1037835591 
1040588881 70493655 -624114111 
-1175726745 705125681 1232550903 
855758113 -1118869113 -1466360303 
-595268073 -1691670527 776952231 
1535566577 -191022025 2128363233 
-1381751353 -206820399 -1401903529 
397973953 1484148199 -1091274575 
-1541428105 460568737 1247695367 
1985694097 1664798359 -1445913727 
-547048921 1273765489 2059570359 
2057585249 -1241387449 952268625 
1730635479 1271967041 1897825895 
-1962290127 843701495 -1890984927 
974322311 -1275218671 -713396457 
1494437633 44550823 1441372657 
1534696759 -1925151263 -2028636473 
-1842806063 -1032329385 1307902145 
268730087 -1759023183 -1642738313 
-1453047903 -192060665 1851809937 
2036584343 -2016296319 -600267993 
174019953 -119378505 -644806303 
-1057046713 -1799369135 -1132320809 
84251713 -1320667289 -64140495 
27491831 -1801264351 1374522247 
-1033679855 85389335 619476481 
540490663 170742001 622657079 
-1837773599 1943914439 -446244399 
-1016715177 1742890945 1091153895 
-486840655 -418189705 -1947875679 
-1705806841 -588875887 -1632382825 
792947073 -222063577 104041585 
575229623 -87109535 533893191 
956179793 -1253840681 2104195905 
459860071 -2072919503 1216618231 
-636687839 -2048975737 -87432431 
-598052585 -1246323455 -402805593 
-1085143055 -1568186569 1702630369 
-1258481465 1415950545 -532977321 
1551945409 210100455 695229873 
-1877536905 -638038623 1018201351 
1760398993 -1003826793 -685371263 
67470631 107529073 -940101705 
895326049 -1820499641 209550417 
40675799 738353729 1350605159 
718747953 -1746157577 -158863071 
1458023815 -2077132271 -867896809 
-1032731647 -1157947993 -1135100175 
616087607 -581739807 -1955370553 
1176864721 1240967767 584070593 
-1820782105 -242854735 -1440599945 
-1432628063 -593193465 -1183472239 
-624373097 -1233537151 -251759065 
-771818895 -1158934345 -532849055 
-587255225 -163720367 1425828567 
-2016786111 -242267545 -161632207 
-2133171977 -2129397727 1174879879 
-2053500655 1171682071 35515137 
-97546585 1212052977 -55500489 
-788815391 943766215 564551377 
832236375 -1311728447 -152878361 
-1036170319 1177833847 349199265 
2066720519 1971240081 -745679977 
71196289 -1699846361 804663665 
-869797449 1382950241 -1118305465 
-583062959 1576217559 130232385 
-1617626265 -301652175 -1806695945 
280035105 -734146681 637773841 
-1173425129 733680129 110821287 
-1442435855 2070970935 393537761 
-60486713 1307063761 -937087913 
8520641 1472492519 580207281 
1968009847 798352033 424785927 
1141429137 -1619405673 -143391359 
-501917657 -414291855 -861220169 
-487592863 -175647673 -1467907759 
-833557289 585963329 -74339225 
416128561 1665966839 1012860449 
-2104795001 -1938931951 -1712425705 
-162973439 1094545575 682550257 
-235478217 -2017513503 417356999 
837487825 1050045783 98855617 
-685988633 -1718732367 1215140727 
300706209 -1207252729 -871109999 
797758871 -954553215 -1473033945 
-1090019471 -1921731657 -389893279 
1183753543 1057282129 1461038551 
1346895425 -1501209241 2109150513 
2127578103 -1692529375 -772804217 
-539372015 1450505751 415784961 
186048935 188259057 -1320926153 
-119900447 -827150905 883876817 
-974213545 -1191718463 -1779706393 
-1373097807 -795560841 -757862239 
1482349063 -1264582255 1959188119 
-1439542399 -838321625 2116146801 
-544893769 -1159300511 1902933575 
-2016858287 -1455329577 114550081 
1097862759 599886897 2010834167 
-1007807455 1131119239 1195797777 
1621260055 1245218561 -987278681 
-1734127119 173581623 1103543777 
1591475911 -1120683311 -1892815017 
280770753 -1255012633 -412932175 
516085111 -1991477343 -79566073 
-1532159855 1613223831 -675612031 
882125607 -342028943 -1814202953 
-1336196767 924927815 1775142481 
1976840151 -1114583999 1834073959 
300745521 -546535945 1305418529 
1476268935 -374078447 695662615 
1100590593 -798047321 401541361 
1312032311 964953313 173821895 
846827985 -883675049 70361025 
1441740775 -868278607 1140323959 
1280704161 -1581253625 1127952273 
-491792233 -2034982527 -1126753241 
-830913423 2071746231 539035745 
1487738951 -871047855 1842213079 
-344018111 -886411161 1329166897 
1183131383 -809426399 -1868061561 
-299721967 569538839 -1242835711 
-1913834329 -803487759 -841586889 
-1223537695 305373383 -75470639 
-1419677353 -1973942591 -1725732633 
-474212943 1362368375 854623649 
1289030919 927614609 -312551017 
-299939711 1204882727 -306807951 
1734490039 1631047521 -1760564921 
-1784925103 1110356439 127769153 
-67493529 -492375759 1042597879 
-524015327 1852323207 2073178641 
-1156253161 1580137473 1587717543 
136935153 -633354185 -1854827807 
-1218317881 2135441361 1616228951 
-1708167743 -1613850137 -1260778319 
1467431031 1411124385 -41869817 
668622225 1899289239 1157296001 
-1232994777 273986161 680466615 
-895510943 -1287013817 -1385919663 
-1544129833 -1997700799 -1597975961 
-751474639 1464559863 400044065 
1916782215 -1190999791 1709079319 
-245161215 -1550903641 119025137 
-999282377 -1616782879 988234439 
617682641 456192855 716690625 
-1963930905 -963050575 1740724599 
-958884959 -1262211321 -1142197103 
1597102999 -1035495807 -370544857 
-44832399 -1878853193 -1286054559 
1851427655 -93461935 1143288791 
-428971967 1518240615 669310769 
586746359 201144097 489576327 
-848011247 -1823540201 646466049 
-1112373337 333964529 -580416969 
-1197268767 -574385209 1394273745 
217265239 854670273 2072640487 
-1611072847 -1827505545 -1574561119 
1939750919 -1703048303 -1470767977 
-1660600959 -1022828505 2075402353 
1857936055 1919034465 -1992139705 
1673017681 -742722345 -1759490239 
-902613913 -407546319 841853687 
1412644385 -265033593 -538511599 
-1268351721 -1264684799 235731111 
1972935665 1982196535 -1284151327 
-520690489 1898300625 1721529687 
-1445223743 -1835389721 -939920975 
-362112137 -50028127 990859527 
1787863697 1033952663 204727425 
585027879 1383421809 -1782596681 
1589439329 -989778617 -800878511 
62371287 302200385 -1864440473 
430361905 367610871 -2022030047 
1817213319 391810577 975502871 
1386584065 -174167641 1932153585 
-542421961 1729670881 -2055129657 
-437150767 1496102487 -2039019071 
-249471513 -979638095 2127150199 
-294377311 202859015 -752567919 
269672087 1188268929 -362036697 
1217891953 -704078665 -815222175 
-493420985 655353681 -2061797673 
-837345983 1333892711 -994491343 
1596714231 1020415009 310643335 
-1697700591 -1786085609 -1214398719 
-714679641 1402800625 1794616631 
-1433602591 207783623 410940113 
363067223 -1077710655 -1205891353 
534699953 1630526839 -1921732703 
-407473401 2067386513 279699351 
-2082196863 -89148633 622511473 
9993655 459635041 -1560031417 
1327316561 149305303 1113326657 
-1491384473 -269698255 -1628074505 
188437281 1674484615 -1857766383 
932642839 -1702435327 241585063 
1576059121 1762332215 1423064289 
-1231366201 1875659217 -855492521 
1287706561 143966183 1573050033 
-1566769545 -251251039 -823360505 
164620177 812376215 -93988479 
883598375 -1359020943 -428908873 
-1716305823 -951607225 795579729 
1075312855 -439227583 950794343 
-1572785615 1715875575 -1984603615 
-516936569 565924625 -1857388265 
-1302262527 27049127 -651855887 
719679287 1021871073 -987092793 
1390092497 -1337493161 611270337 
58781927 105369009 1410408311 
807976353 -1028025081 635895441 
1616044439 -514293631 2036110631 
-1388039311 1485651895 -1588459679 
274886983 -1359287215 -609175081 
796447297 -1523340953 -491345615 
1176358903 1329619233 195607943 
1932716561 329581079 -1238617087 
269102503 205205233 25612343 
969919201 2031122887 682293201 
-260851113 1036953025 -907795993 
-1603418959 -2037628809 1641825441 
-1004689913 1988040081 -1855921513 
1874601857 -1446672857 -420844943 
670179511 -1992176031 1062486599 
-1261747375 -1934591273 -1773094591 
-1917691289 -1202905039 -813928201 
-220436447 1681411719 -1398046447 
799441687 1558731521 -1699832153 
1043457521 1039085879 579342817 
323865287 1480314577 -1098450089 
-1881207615 2092847847 -1288389711 
1259233655 -1658795103 -736577785 
-1567085423 -1265245289 -594489727 
-1494911193 586260849 631112119 
-1467837087 354227015 668768849 
68631511 -1856397247 -1826092185 
704943921 -1822289417 193556257 
1809768327 -182118383 1448018967 
1570079233 42602407 -1240883983 
824087095 -837723935 -723379257 
1217242577 1266760791 295728065 
1024426983 -979586383 -1298693513 
-118074719 -206911481 1362248593 
-1158552425 1591113089 1371301927 
676976753 579920567 1444174945 
1388110919 -282136239 -219874089 
-1751939263 1452588135 1054674481 
583971575 809989665 -1550028665 
1939844881 -123828969 1865656577 
-1466138457 -1161669647 739570487 
325820385 -20091705 1621130449 
-933069481 -1173169471 735556839 
1587915185 -836263049 -1940072031 
601086215 692935313 -1787501161 
764222593 -1958061785 -1104998543 
-271924297 -386456735 -1187793593 
-238925743 169459159 536768065 
2029546855 -36272847 247616503 
-132743903 -1938751097 1327187473 
-2020276713 1220726785 -303697497 
-1822684431 2144490551 -912857375 
-770720313 125064145 1714077271 
-2143927871 1779885543 89104561 
-1363229577 1851023521 1704192519 
-773230191 891217559 2142552961 
881805863 -1420999055 1582015671 
-1205147039 159483463 378969937 
-88768809 -1583721151 -1689051545 
1844509745 -398658313 -101284831 
-1487105401 -1365779183 1949468439 
-1589446911 862347943 -2032745999 
2102834487 -946655775 -1884746041 
-1542903087 1440350039 1527425217 
416093927 1083873201 1700586871 
-1243813983 -1175782649 -234452847 
-1963989097 -1941083519 780876583 
-1227326095 1058244023 447721825 
78010183 1152120401 1975009239 
-1821950911 1587859303 -1775471823 
1077843447 -857240799 1969169287 
-1189776367 796330007 800333313 
-635579481 -600672015 1973556791 
-463440671 2023317447 -1654717999 
-932167593 1099960257 1492797415 
-1752789327 50464375 2046193313 
567872519 816095121 -2014844777 
-1974005375 1514023975 -1480280975 
1663198903 1736800353 1805789255 
1661095249 740425943 1818567489 
1676509287 2106124849 -1480116489 
132747809 2004399239 -1785459951 
711100695 -1424603903 1124877479 
-630247439 -1179355337 -151077919 
-840912697 1517672657 -286424745 
717649601 1268676839 -1860991567 
-1733417097 -777980511 -1637999353 
885241489 486992279 -1328433023 
-1733812953 1158802289 -1686616137 
-173260959 -9111225 1486464081 
-822951465 -1550579135 1278030183 
721838385 -1344874505 1107073313 
782845319 1796448785 -705361385 
-899060735 -818825817 -930289935 
-1701980105 -697433375 -796982841 
1112387537 -95305129 229498305 
297380327 -1270776655 929122423 
-740524895 813313543 -1520185967 
994896535 918380417 -892793305 
1438655089 -1189795657 472122977 
-2128688569 208796497 254444247 
-1342967487 -1201413529 -1515923407 
-378701577 304128033 468768391 
1620326673 -1557230825 1152226049 
-544332121 -309617167 1764636983 
1504594401 -1049341241 -1142520111 
463274839 -515488575 -867443993 
-2012187727 -266638985 -1750531167 
-651346169 696575121 -742790249 
1394214529 -777978073 -1597023887 
-1929836105 837602657 -1314940089 
1703629393 -1647754281 142923841 
1234277223 -194752719 -443868681 
257271585 -1068537977 -1659514863 
51317783 -790447615 -719218777 
-1872014095 1989515831 1472172257 
-507468857 775970257 -2083568553 
-1668305983 -1672147993 -1820300623 
-740521353 872843937 -1720233977 
1747385233 -682759017 1021816193 
-1909460953 -314601359 -400299337 
-1912171423 1375169607 1256565073 
734987479 608616257 -1598667673 
507823665 892320503 -795103711 
-1664812921 1201170193 1721142551 
638116097 283904167 -131331087 
331610935 -1482565663 1919153351 
5977297 1676182871 915018433 
-1563083545 1569808817 -207312009 
-1074458207 1918394631 139072145 
923331991 723932289 -512368345 
34654065 -1684681801 -2022614175 
589708615 -1551826863 1782302167 
2050598465 1590818151 709246257 
1767594999 -319638239 844204423 
-2028208623 1053101591 -81786879 
-202540633 1808646897 -1850123209 
542449377 -1268890169 -1724445743 
-320289193 -1506444863 13397479 
1833130161 1618201719 1383372961 
1691382279 -1326569071 -471142761 
1423309697 -1401761241 -1505558927 
2018421943 1965892193 -433320377 
1448957777 168789719 -2124575423 
618964583 526955569 319683831 
-77939679 32840327 -2103405295 
-56979689 120073985 -551163225 
844134897 1098235191 -1730583071 
-391145785 1607721681 1339033431 
-493756223 -684024089 1234587569 
726265207 42278817 1910473479 
152256657 -822874217 -252271999 
-802766041 -1596574351 1330548151 
-1371936415 1544085319 1249554001 
-1135982633 -1330482111 -1813096601 
78392113 -1018716681 -1831615711 
-1934644345 1629891601 286724119 
18961921 865426343 -1833684751 
1945706039 -399594271 1347938247 
-1154369071 -1113700265 -492877887 
1193267175 2039105201 1697058423 
-416897375 -1702521849 -1212590191 
-383520617 914901377 764523559 
-1194693519 -241865033 -1986547615 
1169993799 1725498705 837552343 
2134399809 1290733671 -519003599 
185089783 1247660577 1400978567 
1236058897 -314928873 -1609859839 
1379650727 -738662415 2051243831 
-447417375 743913671 307269841 
1733527895 -1654804799 1903952103 
-2078327375 520826743 391720353 
-540891897 1675652753 595259799 
