1.976231 -0.078939
0.544730 -0.213584
-0.441605 2.160154
1.376210 1.169389
1.260252 1.441792
1.124813 1.041915
1.555463 -0.267567
-1.585229 1.802940
-1.357840 1.870982
-0.778085 2.044131
-0.049632 1.605793
2.398749 0.147226
1.291008 0.959083
2.306907 0.088439
-0.329019 2.035394
-0.074547 0.539266
2.166695 0.024434
0.744917 -0.304900
-0.090123 2.154347
1.248689 0.934417
1.341106 -0.320569
-0.413970 2.167073
1.389739 1.136255
-2.120737 1.477074
2.954292 0.543948
-0.092632 2.131919
1.297833 0.947366
2.087859 -0.036489
0.391645 -0.133289
-0.778732 2.115404
-0.047399 0.487124
2.419844 0.180439
1.173602 0.975345
1.208855 -0.339224
-0.128150 2.159907
1.262964 0.935746
1.480980 -0.289029
-1.034232 2.046374
-0.011561 1.753042
-1.347290 1.877932
-0.790551 2.047099
-0.022301 1.664844
-3.011501 0.783250
-2.029783 1.521498
3.113674 0.664206
-1.042509 2.028947
-0.020856 1.833701
-0.301361 2.039290
-0.044883 0.480369
2.449191 0.199719
1.123996 1.063293
1.850911 -0.154870
1.352331 -0.299446
-0.544722 2.156589
1.131155 1.590789
1.106914 1.100330
2.300857 0.087691
-0.534086 2.064767
-0.139619 1.067673
0.929479 -0.328309
-0.009841 2.143755
1.207275 0.940662
1.153016 -0.347742
-0.077236 2.150113
1.223671 0.937513
1.230362 -0.340928
-0.176342 2.160257
1.267431 0.941265
1.659757 -0.236135
-2.669764 1.067012
2.805034 0.436138
0.524822 1.924899
1.149077 0.980200
1.142239 -0.348303
-0.067324 2.148801
1.219853 0.938013
1.209299 -0.343186
-0.144326 2.157561
1.252206 0.937996
1.462177 -0.297510
-0.927460 2.076626
-0.102160 1.393479
1.036427 -0.347316
-0.014118 2.140688
1.201241 0.942477
1.132329 -0.348862
-0.058561 2.147596
1.216561 0.938554
1.192672 -0.344758
-0.121842 2.155339
1.242125 0.936987
1.363144 -0.320083
-0.495031 2.158222
1.340801 1.289832
1.203940 0.948302
1.198672 -0.344198
-0.129730 2.156149
1.245603 0.937232
1.394881 -0.313479
-0.610678 2.144985
0.669220 1.922134
1.095349 1.096165
2.149530 -0.005025
0.541993 -0.233358
-0.410608 2.161733
1.379069 1.111074
-0.147816 0.901108
1.148820 -0.334667
-0.115677 2.154575
1.239656 0.936881
1.342061 -0.324132
-0.428090 2.162902
1.379379 1.128358
0.704672 -0.261831
-0.248037 2.162761
1.308144 0.961429
2.676860 0.335338
0.899008 1.634712
1.224374 0.941852
1.277307 -0.334836
-0.263698 2.164865
1.313172 0.965256
2.878795 0.481916
0.242080 2.048726
1.178483 0.954171
1.097797 -0.350040
-0.033733 2.143933
1.207671 0.940541
1.154392 -0.347656
-0.078585 2.150288
1.224199 0.937455
1.233429 -0.340574
-0.181351 2.160630
1.269901 0.941998
1.698506 -0.221727
3.129318 0.693131
-1.269906 1.939833
-0.325773 2.037958
-0.017157 0.397159
2.784970 0.431768
0.577304 1.894899
1.148147 0.981660
1.145643 -0.344049
-0.053216 2.150925
1.231040 0.935241
1.218887 -0.338261
-0.142920 2.161319
1.269943 0.937075
1.567051 -0.264072
-1.687580 1.745864
-1.788220 1.653601
-2.476479 1.191242
2.586170 0.280932
1.047375 1.418778
-1.637505 1.780293
-1.515118 1.801556
-1.379819 1.864865
-0.887100 2.029087
-0.014786 1.803851
-0.599892 2.065114
-0.120219 1.247566
0.860205 -0.323032
-0.022951 2.145578
1.221223 0.936989
1.170442 -0.342545
-0.078677 2.154323
1.241224 0.934403
1.283214 -0.330147
-0.262879 2.168523
1.333037 0.971830
-2.889281 0.876748
-2.677897 1.052146
2.857674 0.477837
0.352998 2.012968
1.173477 0.962080
1.098237 -0.345856
-0.015890 2.145275
1.217344 0.937910
1.154285 -0.343615
-0.061448 2.152063
1.234257 0.934873
1.237577 -0.336184
-0.173321 2.163858
1.284974 0.941456
1.803748 -0.175736
1.818911 -0.149959
1.517906 -0.259746
-1.438994 1.878467
-0.764205 2.051209
-0.032331 1.618426
2.522932 0.232116
1.091523 1.252152
-0.513739 2.064961
-0.141375 0.986379
1.023568 -0.333427
-0.016637 2.145157
1.218002 0.937746
1.156928 -0.343452
-0.064133 2.152426
1.235322 0.934773
1.244087 -0.335407
-0.184720 2.164685
1.290824 0.943745
1.919414 -0.123054
0.852111 -0.309704
-0.056708 2.150466
1.234105 0.934910
1.236867 -0.336267
-0.172105 2.163766
1.284356 0.941234
1.792395 -0.180588
1.944774 -0.091456
0.659284 -0.260195
-0.233839 2.165756
1.320904 0.961401
2.827495 0.446833
0.491352 1.949446
1.160637 0.974886
1.128515 -0.344884
-0.038031 2.148725
1.225291 0.936140
1.188936 -0.341099
-0.100876 2.156993
1.250662 0.934468
1.357673 -0.317443
-0.466450 2.163892
1.362889 1.260557
1.249198 0.940287
1.411121 -0.306219
-0.670003 2.138886
-2.431532 1.254631
2.591345 0.283754
1.042617 1.430250
0.137751 2.129243
1.157228 0.975440
1.114303 -0.345412
-0.026944 2.147034
1.221246 0.936963
1.170362 -0.342551
-0.078586 2.154311
1.241186 0.934405
1.282948 -0.330186
-0.262288 2.168505
1.332712 0.971519
-2.906211 0.863727
-2.597294 1.113629
2.707917 0.367843
0.845321 1.702716
1.190270 0.953671
1.124797 -0.345071
-0.034899 2.148255
1.224134 0.936360
1.183420 -0.341555
-0.093968 2.156191
1.247670 0.934361
1.332359 -0.322151
-0.388049 2.168139
1.388191 1.091871
-0.079048 1.443819
1.163006 -0.340984
-0.077205 2.154119
1.240648 0.934426
1.279165 -0.330737
-0.253974 2.168245
1.328139 0.967331
-3.134421 0.688379
-1.259382 1.947239
-0.324325 2.046055
-0.013253 0.405999
2.790263 0.438163
0.591040 1.894074
1.157405 0.979211
1.145298 -0.344068
-0.052890 2.150879
1.230914 0.935257
1.218184 -0.338335
-0.141841 2.161220
1.269426 0.936961
1.560216 -0.266201
-1.626081 1.780559
-1.516846 1.800689
-1.386696 1.861814
-0.910119 2.024037
-0.020618 1.831830
-0.317507 2.043024
-0.042517 0.474370
2.475531 0.217215
1.106700 1.143999
-2.935579 0.841203
-2.450113 1.224217
2.581496 0.277297
1.051999 1.406998
1.807260 -0.147191
1.573967 -0.242807
-1.932450 1.596668
-2.798710 0.948489
-3.057447 0.758578
-1.786288 1.675828
-2.311607 1.310858
2.591612 0.283054
1.042819 1.429785
0.092914 2.138994
1.167019 0.965513
1.090182 -0.345991
-0.010993 2.144472
1.215657 0.938366
1.147879 -0.343988
-0.055150 2.151196
1.231789 0.935147
1.223107 -0.337813
-0.149492 2.161909
1.273118 0.937825
1.610753 -0.249875
-2.121841 1.470672
2.930391 0.526101
0.030658 2.110957
1.247751 0.934938
1.339200 -0.320917
-0.408224 2.167338
1.389992 1.125603
0.861004 -0.296058
-0.091383 2.154912
1.248430 0.934401
1.338850 -0.320981
-0.407170 2.167385
1.389997 1.123701
0.571875 -0.203473
-0.432354 2.164240
1.383297 1.189402
1.387890 1.116520
-0.041423 0.470927
2.490602 0.227302
1.100546 1.187786
-1.825785 1.629693
-2.628104 1.078111
2.766064 0.410224
0.686941 1.831871
1.160000 0.977157
1.143226 -0.344182
-0.050943 2.150604
1.230164 0.935358
1.214043 -0.338761
-0.135581 2.160632
1.266448 0.936354
1.522311 -0.277552
-1.316108 1.936131
-0.385576 2.056782
-0.051154 0.496746
2.378408 0.153607
1.375025 1.048779
-0.191843 2.001422
-0.138810 0.907273
1.148725 -0.330656
-0.098569 2.156624
1.249859 0.934433
1.350736 -0.318772
-0.443920 2.165424
1.380940 1.200579
1.375140 1.045284
-0.229334 2.016541
-0.113497 0.713774
1.600147 -0.237981
-2.164370 1.441263
2.841320 0.460314
0.431263 1.978801
1.165048 0.970016
1.114246 -0.345423
-0.026875 2.147023
1.221222 0.936969
1.170255 -0.342559
-0.078465 2.154296
1.241136 0.934407
1.282595 -0.330238
-0.261503 2.168482
1.332281 0.971109
-2.928549 0.846541
-2.486051 1.197448
2.596105 0.287787
1.037225 1.442538
0.888863 1.791863
1.102312 1.115167
2.547384 0.248132
1.079603 1.315104
-0.019844 1.816462
-0.469183 2.063717
-0.129670 0.812024
1.344155 -0.305492
-0.494202 2.161623
1.319421 1.352583
1.155663 0.987295
1.203510 -0.339722
-0.120607 2.159141
1.259485 0.935248
1.442705 -0.298799
-0.819049 2.108206
-0.133509 0.845764
1.269152 -0.318025
-0.290135 2.169062
1.347975 0.988355
-2.016000 1.510857
3.059347 0.622880
-0.699302 2.116735
0.225104 0.051059
-1.626707 1.778275
-1.536119 1.791078
-1.462768 1.826828
-1.180437 1.944749
-0.342909 2.049619
-0.022280 0.426041
2.695324 0.369450
0.861808 1.686592
1.197630 0.949794
1.135673 -0.344603
-0.044002 2.149606
1.227522 0.935754
1.200048 -0.340117
-0.115564 2.158612
1.257191 0.934978
1.419000 -0.304427
-0.704964 2.132610
1.601116 -0.225243
-2.301557 1.344048
2.644743 0.319799
0.973618 1.554324
1.318097 0.963503
2.823464 0.443878
0.506451 1.941616
1.159809 0.975881
1.131871 -0.344737
-0.040850 2.149143
1.226339 0.935953
1.194081 -0.340655
-0.107548 2.157743
1.253600 0.934650
1.384189 -0.312092
-0.560440 2.154821
1.022934 1.689315
1.103053 1.115738
2.571969 0.264961
1.062787 1.376464
-0.131831 0.826591
1.311062 -0.311451
-0.394113 2.167874
1.389147 1.101715
-0.133680 1.152870
0.870531 -0.322374
-0.023863 2.145757
1.221491 0.936929
1.171601 -0.342462
-0.079989 2.154488
1.241767 0.934385
1.287089 -0.329572
-0.271585 2.168754
1.337811 0.976616
-2.629490 1.075080
2.770056 0.413157
0.674543 1.840480
1.159254 0.977863
1.144763 -0.344098
-0.052381 2.150807
1.230718 0.935283
1.217091 -0.338448
-0.140175 2.161065
1.268630 0.936791
1.549834 -0.269387
-1.536004 1.829183
-1.134478 1.960789
-0.253474 2.027534
-0.054998 0.506995
2.334927 0.125967
-0.139028 1.092024
0.908565 -0.326378
-0.013470 2.144263
1.217530 0.937877
1.155147 -0.343562
-0.062318 2.152181
1.234602 0.934839
1.239664 -0.335938
-0.176929 2.164127
1.286814 0.942139
1.838505 -0.160520
1.466076 -0.273859
-1.078947 2.031004
-0.019778 1.830066
-0.331531 2.045992
-0.044067 0.478303
2.458240 0.205710
1.116476 1.091508
2.259504 0.062439
-2.880173 0.883499
-2.719298 1.020373
2.959433 0.554259
-0.137928 2.137461
1.319066 0.960374
2.762484 0.399453
0.710458 1.815057
1.161805 0.975436
1.139434 -0.344379
-0.047468 2.150107
1.228835 0.935549
1.206889 -0.339471
-0.125132 2.159604
1.261565 0.935533
1.465232 -0.293150
-0.940751 2.075714
-0.057395 1.520457
1.539067 -0.271363
-1.457484 1.869342
-0.830371 2.040411
-0.013392 1.726291
-1.838400 1.622567
-2.670632 1.045970
2.852951 0.474367
0.372672 2.004792
1.171068 0.964194
1.101577 -0.345780
-0.018053 2.145626
1.218097 0.937715
1.157252 -0.343432
-0.064465 2.152471
1.235455 0.934761
1.244906 -0.335307
-0.186185 2.164786
1.291583 0.944067
1.935584 -0.115234
0.763233 -0.291120
-0.118416 2.157574
1.261180 0.935503
1.461308 -0.294155
-0.918561 2.082125
-0.078271 1.441601
1.155454 -0.341444
-0.069322 2.153098
1.237436 0.934604
1.257495 -0.333716
-0.209587 2.166251
1.303933 0.950149
2.241270 0.051392
2.365941 0.128043
0.393287 2.052624
1.121964 1.035287
1.451814 -0.296445
-0.867305 2.096108
-0.127448 1.198192
0.857177 -0.321290
-0.027476 2.146262
1.222896 0.936630
1.177883 -0.341992
-0.087282 2.155390
1.244821 0.934334
1.309765 -0.326016
-0.326391 2.169321
1.366331 1.017173
-0.829051 2.038709
-0.012678 1.735627
-1.662499 1.723608
-1.986563 1.531574
-3.137171 0.688802
-1.250272 1.951050
-0.303454 2.041385
-0.014069 0.407767
2.781799 0.431975
0.619673 1.876499
1.157501 0.979346
1.146940 -0.343977
-0.054448 2.151097
1.231517 0.935180
1.221567 -0.337978
-0.147075 2.161695
1.271946 0.937537
1.594256 -0.255352
-1.949630 1.585608
-2.858971 0.902309
-2.819228 0.943273
-3.001959 0.801558
-2.119775 1.460730
2.893086 0.498370
0.210117 2.064493
1.197513 0.946182
1.106063 -0.345700
-0.020965 2.146093
1.219118 0.937461
1.161377 -0.343168
-0.068769 2.153044
1.237179 0.934622
1.255830 -0.333933
-0.206395 2.166068
1.302226 0.949211
2.193775 0.023334
0.959742 -0.342679
0.023231 2.138227
1.204895 0.941985
1.114383 -0.345463
-0.026841 2.147019
1.221208 0.936972
1.170196 -0.342563
-0.078399 2.154288
1.241109 0.934408
1.282402 -0.330266
-0.261077 2.168470
1.332047 0.970888
-2.940624 0.837249
-2.423654 1.243816
2.577098 0.273988
1.056078 1.395995
0.398186 -0.100748
-0.878436 2.091168
-0.112541 1.290147
0.879932 -0.327212
-0.011492 2.143843
1.217003 0.938018
1.153122 -0.343685
-0.060283 2.151905
1.233797 0.934920
1.234816 -0.336506
-0.168617 2.163497
1.282593 0.940620
1.760819 -0.193771
2.317663 0.117723
-0.015246 1.750847
-1.401369 1.854138
-0.969335 2.009760
-0.050513 1.896583
-0.019382 1.820823
-0.421307 2.059684
-0.100334 0.655232
1.780582 -0.169682
1.940791 -0.093423
0.676686 -0.266104
-0.211097 2.164678
1.308435 0.952810
2.376333 0.134996
1.333732 1.323166
1.177058 0.965715
1.147045 -0.343993
-0.054481 2.151102
1.231529 0.935179
1.221637 -0.337970
-0.147184 2.161704
1.271999 0.937550
1.594995 -0.255109
-1.957135 1.580746
-2.884751 0.882521
-2.704551 1.031698
2.921168 0.525382
0.060825 2.104485
1.237504 0.935227
1.264091 -0.332841
-0.222536 2.166938
1.310917 0.954337
2.455869 0.186645
1.126776 1.054818
1.750993 -0.197687
2.438315 0.195022
1.134897 1.033415
1.537070 -0.273132
-1.431443 1.882188
-0.737607 2.054828
-0.044906 1.568227
1.927037 -0.118464
0.805495 -0.300831
-0.084911 2.153942
1.246024 0.934361
1.319394 -0.324408
-0.351766 2.169067
1.377422 1.043444
-0.227936 2.016030
-0.114728 0.719945
1.582366 -0.243830
-1.979831 1.565943
-2.960554 0.824286
-2.324253 1.316532
2.607132 0.293805
1.025739 1.466695
1.318602 1.352523
1.156535 0.986210
1.199306 -0.340114
-0.114796 2.158530
1.256845 0.934942
1.415529 -0.305224
-0.689373 2.135480
2.505251 0.245864
1.093132 1.241128
-0.685644 2.058720
-0.068963 1.478004
1.301339 -0.325699
-0.312433 2.169316
1.359493 1.004955
-1.265010 1.911253
-0.555173 2.067327
-0.138889 1.081139
0.917340 -0.327215
-0.011756 2.144020
1.216873 0.938050
1.152592 -0.343716
-0.059755 2.151832
1.233589 0.934942
1.233578 -0.336648
-0.166532 2.163334
1.281543 0.940269
1.742609 -0.201162
2.544466 0.266202
1.074889 1.334365
-0.026129 1.654339
3.080861 0.637125
-0.826806 2.090357
-0.121763 1.237224
0.857898 -0.322386
-0.024727 2.145844
1.221884 0.936844
1.173344 -0.342334
-0.081981 2.154737
1.242596 0.934363
1.293089 -0.328663
-0.285438 2.169043
1.345336 0.985082
-2.182015 1.399764
2.723308 0.374862
0.812821 1.732684
1.179274 0.960744
1.119435 -0.345262
-0.030725 2.147619
1.222610 0.936668
1.176405 -0.342105
-0.085537 2.155177
1.244085 0.934338
1.304160 -0.326926
-0.312214 2.169322
1.359371 1.004755
-1.273003 1.908086
-0.576654 2.067023
-0.133012 1.152918
0.870263 -0.322333
-0.023980 2.145774
1.221535 0.936919
1.171796 -0.342448
-0.080209 2.154516
1.241859 0.934383
1.287746 -0.329474
-0.273081 2.168790
1.338629 0.977479
-2.582995 1.110070
2.692960 0.357131
0.879328 1.668798
1.207004 0.945769
1.157903 -0.343379
-0.065174 2.152566
1.235738 0.934736
1.246669 -0.335090
-0.189361 2.165002
1.293236 0.944788
1.971716 -0.097372
0.601234 -0.238234
-0.320424 2.167472
1.366926 1.018384
-0.791823 2.045041
-0.019631 1.679549
-2.740445 0.991357
3.036841 0.613157
-0.584777 2.133849
-0.901426 2.094562
-0.116969 1.265745
0.866443 -0.324510
-0.018861 2.144964
1.219707 0.937339
1.163981 -0.342995
-0.071551 2.153408
1.238305 0.934546
1.263197 -0.332962
-0.220749 2.166849
1.309948 0.953721
2.424042 0.165776
1.189191 0.962726
1.194678 -0.340565
-0.108464 2.157844
1.254007 0.934682
1.388006 -0.311287
-0.575059 2.153026
0.885086 1.794832
1.102242 1.115397
2.551433 0.250895
1.077195 1.325374
-0.014788 1.737319
-1.640976 1.735288
-1.898554 1.587043
-2.870047 0.893726
-2.770699 0.980773
3.111050 0.670006
-1.052033 2.025756
-0.025294 1.847650
-0.199624 2.006247
-0.130125 0.814997
1.337303 -0.306780
-0.472035 2.163433
1.356170 1.277704
1.222989 0.943000
1.236590 -0.336289
-0.171670 2.163733
1.284136 0.941156
1.788383 -0.182289
1.990392 -0.068614
0.500100 -0.191669
-0.513669 2.157842
1.244695 1.463451
1.120229 1.054215
1.676476 -0.226573
-2.895005 0.895691
-2.709077 1.028181
2.932721 0.534085
0.002534 2.116493
1.258060 0.935607
1.434172 -0.300862
-0.776407 2.118024
0.000842 0.376504
2.933769 0.544652
-0.028786 2.122117
1.270366 0.937660
1.579380 -0.260168
-1.802909 1.677709
-2.290791 1.325668
2.605937 0.292802
1.027252 1.463655
1.295525 1.390766
1.139139 1.011767
1.326344 -0.323118
-0.371329 2.168648
1.384190 1.067785
-0.021140 1.820903
-0.425475 2.060120
-0.103381 0.667845
1.739892 -0.186457
2.420505 0.183348
1.168345 0.980635
1.223208 -0.337740
-0.149875 2.161943
1.273305 0.937872
1.613421 -0.248976
-2.150609 1.450829
2.868715 0.480431
0.318241 2.026767
1.178221 0.958230
1.094139 -0.345940
-0.013322 2.144856
1.216456 0.938147
1.150873 -0.343817
-0.058056 2.151599
1.232922 0.935014
1.229647 -0.337094
-0.160011 2.162807
1.278287 0.939246
1.688729 -0.222105
-3.048967 0.776438
-1.875570 1.621044
-2.664847 1.050403
2.840062 0.464787
0.425222 1.981587
1.165602 0.969445
1.112798 -0.345469
-0.025816 2.146858
1.220842 0.937054
1.168615 -0.342676
-0.076629 2.154063
1.240379 0.934437
1.277285 -0.331008
-0.249909 2.168105
1.325901 0.965405
3.044126 0.608663
-0.597282 2.132303
-1.549114 1.828536
-1.136010 1.960287
-0.256137 2.028363
-0.051910 0.498683
2.370129 0.148303
1.376035 1.212440
1.355729 1.005260
-1.341108 1.880012
-0.775634 2.049409
-0.027512 1.639557
2.840977 0.457334
0.438166 1.975577
1.164445 0.970646
1.115901 -0.345367
-0.028102 2.147214
1.221662 0.936871
1.172182 -0.342420
-0.080650 2.154571
1.242042 0.934377
1.289064 -0.329275
-0.276095 2.168859
1.340273 0.979254
-2.487870 1.180935
2.592693 0.285586
1.040742 1.434596
0.487677 2.015123
1.114799 1.056163
1.651221 -0.235743
-2.584333 1.134482
2.686036 0.351975
0.894399 1.652773
1.216896 0.942552
1.191852 -0.340841
-0.104661 2.157421
1.252323 0.934561
1.372456 -0.314512
-0.517255 2.159522
1.257178 1.447078
1.123288 1.045860
1.592491 -0.255830
-1.932759 1.596486
-2.799709 0.947724
-3.053836 0.761374
-1.808655 1.662318
-2.403323 1.244853
2.564492 0.265241
1.066362 1.365046
-0.132007 1.167422
0.864803 -0.321804
-0.025623 2.146007
1.222169 0.936782
1.174602 -0.342241
-0.083433 2.154918
1.243203 0.934351
1.297554 -0.327972
-0.296044 2.169197
1.350999 0.992324
-1.821557 1.632139
-2.623462 1.078865
2.736040 0.385672
0.747073 1.778108
1.159403 0.971647
1.130760 -0.348889
-0.057404 2.147433
1.216133 0.938632
1.190612 -0.344939
-0.119221 2.155062
1.240983 0.936930
1.353242 -0.322019
-0.462670 2.160761
1.370514 1.200698
1.371359 1.070298
-0.047242 1.847112
-0.213612 2.000838
-0.141361 0.835265
1.277160 -0.320623
-0.321768 2.165685
1.344488 0.999422
-1.648970 1.727167
-1.884049 1.592918
-2.779549 0.960346
3.121995 0.675909
-1.182807 1.975276
-0.158823 1.975233
-0.142979 1.156858
0.869104 -0.327090
-0.045495 2.144896
1.213193 0.939236
1.177243 -0.346048
-0.103037 2.153269
1.234093 0.936836
1.298510 -0.331627
-0.311322 2.165709
1.338931 0.991732
-2.011949 1.510488
3.101300 0.652028
-1.021846 2.032603
-0.028299 1.766546
-1.097247 1.967760
-0.188611 1.991084
-0.149795 0.944195
1.077188 -0.337745
-0.058544 2.147428
1.216843 0.938508
1.194077 -0.344632
-0.123652 2.155528
1.242917 0.937033
1.370162 -0.318675
-0.518994 2.156012
1.296966 1.373620
1.138026 1.000845
1.255569 -0.337754
-0.220636 2.163092
1.290011 0.950201
2.107921 -0.028469
0.410998 -0.155417
-0.737921 2.120935
0.823824 -0.293348
-0.135594 2.155592
1.250499 0.937783
1.444117 -0.302053
-0.831666 2.102113
-0.132070 0.769750
1.428693 -0.290820
-0.848432 2.097920
-0.148500 0.921396
1.113769 -0.336608
-0.083514 2.150785
1.226381 0.937244
1.246556 -0.338991
-0.203846 2.162139
1.281266 0.946130
1.906960 -0.132145
0.938811 -0.325777
-0.049590 2.145730
1.214275 0.939005
1.182057 -0.345663
-0.108700 2.153913
1.236473 0.936820
1.316475 -0.328679
-0.356225 2.165444
1.360994 1.029505
-0.590542 2.058791
-0.141492 1.169190
0.864998 -0.326739
-0.046706 2.145056
1.213662 0.939138
1.179340 -0.345882
-0.105481 2.153549
1.235116 0.936823
1.306115 -0.330403
-0.329801 2.165724
1.348466 1.005538
-1.385024 1.857324
-0.879120 2.026194
-0.028531 1.765920
-1.108093 1.964294
-0.204590 1.998573
-0.141408 0.835645
1.276351 -0.320745
-0.319931 2.165683
1.343541 0.998046
-1.711521 1.692697
-2.138569 1.428269
2.819743 0.441689
0.480109 1.948542
1.151038 0.977746
1.133361 -0.348758
-0.059594 2.147740
1.216946 0.938485
1.194545 -0.344590
-0.124258 2.155590
1.243183 0.937050
1.372547 -0.318190
-0.527340 2.155176
1.275487 1.407201
1.125023 1.022632
1.384087 -0.315696
-0.569717 2.150412
1.087701 1.623289
1.095035 1.109008
2.400316 0.147611
1.283528 0.955550
2.113799 -0.025204
0.420811 -0.162395
-0.707899 2.126791
2.176312 0.036886
0.944833 -0.345837
0.000958 2.137883
1.196788 0.944077
1.119691 -0.349397
-0.048579 2.146168
1.212909 0.939276
1.175812 -0.346159
-0.101389 2.153079
1.233407 0.936850
1.293503 -0.332412
-0.299568 2.165609
1.332670 0.984061
-2.401540 1.241425
2.560470 0.259617
1.054720 1.364866
-0.130904 1.252447
0.866952 -0.329114
-0.040724 2.144193
1.211472 0.939617
1.169796 -0.346612
-0.094635 2.152282
1.230623 0.936951
1.273982 -0.335320
-0.256695 2.164642
1.309358 0.962301
2.723134 0.368338
0.792778 1.740059
1.169172 0.963879
1.122899 -0.349240
-0.051111 2.146535
1.213826 0.939083
1.179894 -0.345838
-0.106132 2.153623
1.235390 0.936821
1.308179 -0.330065
-0.334950 2.165697
1.351029 1.009796
-1.215545 1.926408
-0.409141 2.052367
-0.062583 0.505689
2.301743 0.102517
-0.212294 1.998100
-0.148183 0.912382
1.129064 -0.335863
-0.096499 2.152385
1.231609 0.936910
1.280779 -0.334335
-0.271102 2.165073
1.317211 0.968619
3.057825 0.616336
-0.737316 2.106290
0.043025 0.283234
-2.927509 0.866064
-2.599303 1.109548
2.692296 0.353905
0.857676 1.679082
1.194693 0.949517
1.152076 -0.347786
-0.076363 2.150000
1.223332 0.937552
1.228406 -0.341150
-0.173194 2.160016
1.265890 0.940837
1.636640 -0.244375
-2.396671 1.272390
2.590392 0.279929
1.027558 1.437835
0.413914 2.040126
1.108774 1.046908
1.535010 -0.277219
-1.412386 1.888776
-0.633511 2.059212
-0.128854 1.260784
0.870050 -0.329807
-0.038764 2.143915
1.210747 0.939785
1.166758 -0.346831
-0.091329 2.151883
1.229278 0.937025
1.264984 -0.336579
-0.238444 2.163942
1.299487 0.955560
2.375881 0.131832
1.335928 1.297124
1.198001 0.950463
1.180269 -0.345791
-0.106628 2.153679
1.235599 0.936820
1.309765 -0.329804
-0.338943 2.165667
1.352982 1.013230
-1.087746 1.970127
-0.177947 1.985665
-0.150818 1.020644
0.974147 -0.335947
-0.028088 2.142674
1.206355 0.940912
1.149584 -0.347948
-0.073930 2.149682
1.222387 0.937666
1.223054 -0.341745
-0.164766 2.159345
1.261812 0.939811
1.579086 -0.263702
-1.792441 1.681543
-2.191617 1.392104
2.730167 0.377023
0.769361 1.759989
1.163582 0.968158
1.126032 -0.349103
-0.053576 2.146890
1.214725 0.938901
1.183993 -0.345503
-0.111028 2.154172
1.237461 0.936828
1.324220 -0.327345
-0.376960 2.164977
1.369341 1.052383
-0.171985 1.979025
-0.143785 1.148675
0.872329 -0.327394
-0.044500 2.144764
1.212810 0.939318
1.175550 -0.346179
-0.101090 2.153044
1.233283 0.936853
1.292606 -0.332551
-0.297495 2.165584
1.331555 0.982791
-2.467998 1.192799
2.572927 0.268869
1.044114 1.396601
0.202910 0.065544
-1.764285 1.696500
-2.085039 1.464289
2.929682 0.522749
-0.010409 2.114291
1.246590 0.937866
1.410645 -0.309975
-0.675522 2.134762
-1.489852 1.856862
-0.854288 2.031265
-0.029162 1.730242
-1.725241 1.685493
-2.189526 1.393467
2.733136 0.379143
0.761360 1.766589
1.161961 0.969482
1.127624 -0.349033
-0.054849 2.147071
1.215192 0.938810
1.186159 -0.345322
-0.113670 2.154463
1.238590 0.936849
1.333272 -0.325740
-0.402298 2.164112
1.376722 1.086135
-0.047752 1.622130
2.620243 0.296164
0.994147 1.503490
1.376859 1.103732
-0.131193 1.251254
0.866562 -0.329022
-0.040982 2.144229
1.211568 0.939595
1.170202 -0.346582
-0.095081 2.152336
1.230806 0.936942
1.275226 -0.335142
-0.259291 2.164728
1.310771 0.963371
2.779313 0.408900
0.628771 1.862996
1.148788 0.981379
1.150207 -0.347849
-0.074720 2.149785
1.222694 0.937628
1.224780 -0.341555
-0.167455 2.159564
1.263106 0.940120
1.596791 -0.257939
-1.965693 1.572718
-2.871493 0.889994
-2.810516 0.947496
-3.074135 0.743097
-1.742134 1.699377
-2.070789 1.473727
2.961992 0.546867
-0.181409 2.137523
1.321124 0.972512
-3.026306 0.768611
-1.998034 1.539875
-3.041186 0.759638
-1.916404 1.592665
-2.768395 0.968918
3.085883 0.648147
-0.949481 2.054768
-0.047919 1.612409
2.487805 0.205694
1.093534 1.162464
-2.559551 1.124927
2.645396 0.320353
0.950434 1.570494
1.292704 0.955829
2.265713 0.063191
-2.454962 1.202140
2.567774 0.265187
1.048630 1.383730
-0.116959 0.689121
1.649478 -0.224146
-2.713764 1.033260
2.902335 0.508594
0.109865 2.087881
1.208107 0.941198
1.162632 -0.347116
-0.086956 2.151346
1.227517 0.937147
1.253613 -0.338093
-0.216666 2.162881
1.287925 0.949156
2.056294 -0.056583
0.402547 -0.144127
-0.780373 2.111961
0.069870 0.239599
-2.697163 1.044023
2.865312 0.480890
0.281567 2.034838
1.171861 0.958613
1.096455 -0.350061
-0.032937 2.143810
1.207398 0.940615
1.153358 -0.347720
-0.077569 2.150157
1.223802 0.937498
1.231117 -0.340841
-0.177567 2.160350
1.268033 0.941438
1.669010 -0.232762
-2.782903 0.980025
3.096321 0.656100
-1.016413 2.034336
-0.028113 1.756854
-1.253906 1.912433
-0.495690 2.059891
-0.135098 0.788536
1.382755 -0.301301
-0.643737 2.139988
-0.069078 2.161713
1.199448 0.942746
1.124161 -0.349222
-0.051986 2.146662
1.214144 0.939018
1.181331 -0.345722
-0.107833 2.153816
1.236107 0.936819
1.313649 -0.329156
-0.348871 2.165558
1.357681 1.022291
-0.789085 2.040579
-0.042167 1.639934
2.897708 0.496544
0.153292 2.076235
1.197013 0.944864
1.127308 -0.349086
-0.054477 2.147019
1.215055 0.938836
1.185520 -0.345376
-0.112886 2.154377
1.238254 0.936841
1.330557 -0.326227
-0.394569 2.164410
1.374880 1.075097
-0.031782 1.775232
-0.976535 2.002476
-0.063082 1.886101
-0.048897 1.855774
-0.159851 1.973732
-0.138487 1.196245
0.859842 -0.326568
-0.047620 2.145168
1.214031 0.939062
1.181006 -0.345748
-0.107448 2.153772
1.235944 0.936819
1.312400 -0.329365
-0.345655 2.165599
1.356185 1.019273
-0.882378 2.023698
-0.029277 1.779556
-0.903039 2.019981
-0.032001 1.802654
-0.603390 2.059240
-0.138685 1.193084
0.860113 -0.326534
-0.047675 2.145177
1.214050 0.939058
1.181090 -0.345741
-0.107546 2.153783
1.235986 0.936819
1.312719 -0.329312
-0.346475 2.165589
1.356569 1.020035
-0.858246 2.028536
-0.028457 1.746960
-1.423686 1.840466
-1.005229 1.995999
-0.081238 1.910938
-0.030310 1.728702
-1.758350 1.666584
-2.321182 1.301148
2.590586 0.279572
1.027627 1.437683
0.403092 2.044267
1.109642 1.044503
1.512902 -0.283656
-1.247400 1.963157
-0.209923 2.001187
-0.135704 0.792110
1.374254 -0.303105
-0.610801 2.144933
0.665581 1.924109
1.095463 1.095600
2.140468 -0.010162
0.499183 -0.210895
-0.502732 2.155462
1.315982 1.340529
1.156628 0.978299
1.169586 -0.346569
-0.094590 2.152276
1.230607 0.936952
1.273867 -0.335337
-0.256454 2.164634
1.309228 0.962203
2.718019 0.364671
0.805790 1.728550
1.172941 0.961238
1.122792 -0.349248
-0.051016 2.146522
1.213792 0.939090
1.179737 -0.345850
-0.105948 2.153602
1.235313 0.936821
1.307595 -0.330161
-0.333487 2.165706
1.350307 1.008567
-1.263197 1.908220
-0.523043 2.060894
-0.146489 0.889341
1.169948 -0.333093
-0.139407 2.157004
1.250146 0.937717
1.440153 -0.303025
-0.811772 2.106893
-0.080693 0.558021
2.094039 -0.019361
0.407627 -0.152826
-0.748919 2.118686
0.533309 -0.189983
-0.536748 2.152253
1.221728 1.479938
1.108345 1.062351
1.738400 -0.206031
2.618256 0.314678
0.982267 1.523172
1.358988 1.030957
-0.595107 2.058672
-0.139887 1.183229
0.861645 -0.326542
-0.047504 2.145158
1.213977 0.939073
1.180759 -0.345768
-0.107155 2.153739
1.235821 0.936819
1.311455 -0.329523
-0.343238 2.165626
1.355044 1.017057
-0.954792 2.007286
-0.051670 1.865609
-0.110903 1.938619
-0.064854 1.545897
1.762165 -0.195430
2.312506 0.111819
-0.042324 1.830102
-0.340660 2.039601
-0.046974 0.465400
2.473174 0.213002
1.096065 1.145976
-2.967173 0.814173
-2.335841 1.305597
2.604902 0.289505
1.011271 1.472028
1.313909 1.342731
1.156139 0.978780
1.170783 -0.346481
-0.095913 2.152434
1.231148 0.936926
1.277564 -0.334805
-0.264219 2.164881
1.313457 0.965485
2.890922 0.490910
0.186573 2.066509
1.189451 0.948149
1.110837 -0.349699
-0.042215 2.145227
1.210636 0.939792
1.166122 -0.346876
-0.090645 2.151800
1.229002 0.937042
1.263168 -0.336826
-0.234871 2.163785
1.297572 0.954393
2.316961 0.094676
-0.110989 1.935431
-0.055984 1.581676
2.107100 -0.028097
0.410613 -0.155131
-0.739143 2.120688
0.786991 -0.285007
-0.163574 2.157965
1.263906 0.940342
1.608324 -0.254097
-2.084738 1.493565
3.049444 0.612793
-0.694329 2.114183
0.686711 -0.255676
-0.271249 2.163452
1.320868 0.971910
-3.049527 0.750765
-1.857480 1.629702
-2.547137 1.136127
2.631444 0.310391
0.973076 1.537677
1.339065 0.996695
-1.860150 1.605808
-2.707056 1.015599
2.911882 0.515848
0.062706 2.099252
1.221776 0.938415
1.225909 -0.341429
-0.169231 2.159706
1.263965 0.940333
1.608825 -0.253929
-2.090012 1.489983
3.035719 0.602416
-0.609881 2.127121
-1.163889 2.003875
-0.069117 1.895846
-0.034533 1.808994
-0.536490 2.059915
-0.150501 0.971460
1.036904 -0.337924
-0.040119 2.144689
1.210269 0.939885
1.164666 -0.346978
-0.089093 2.151610
1.228376 0.937084
1.259097 -0.337373
-0.226993 2.163415
1.293373 0.951984
2.196428 0.021922
1.009452 -0.350221
0.001622 2.137998
1.196223 0.944288
1.118174 -0.349453
-0.047450 2.146003
1.212503 0.939365
1.174036 -0.346295
-0.099365 2.152843
1.232568 0.936873
1.287491 -0.333333
-0.285869 2.165403
1.325262 0.976107
-2.823407 0.924621
-3.001638 0.799309
-2.178705 1.417429
2.799464 0.427013
0.554170 1.908461
1.148337 0.981256
1.146675 -0.348055
-0.071388 2.149346
1.221408 0.937793
1.217636 -0.342327
-0.156508 2.158651
1.257882 0.938966
1.528281 -0.279312
-1.359526 1.913713
-0.473505 2.058772
-0.119606 0.702719
1.609516 -0.238123
-2.254527 1.375357
2.710345 0.363086
0.819810 1.715763
1.177657 0.958201
1.124861 -0.349169
-0.052606 2.146751
1.214371 0.938972
1.182363 -0.345637
-0.109065 2.153954
1.236629 0.936820
1.317679 -0.328474
-0.359392 2.165387
1.362371 1.032752
-0.512142 2.058403
-0.148037 0.911517
1.130525 -0.335783
-0.097824 2.152543
1.232153 0.936889
1.284580 -0.333771
-0.279397 2.165272
1.321738 0.972693
-3.006799 0.783613
-2.112880 1.462885
2.933891 0.525954
-0.032224 2.118174
1.254889 0.938933
1.498906 -0.287699
-1.150613 2.001918
-0.073233 1.901419
-0.030622 1.780581
-0.893092 2.022131
-0.030267 1.790055
-0.759093 2.045672
-0.055848 1.579735
2.086784 -0.039260
0.392663 -0.140881
-0.799796 2.107563
-0.057431 0.492226
2.357979 0.137859
0.903138 1.774388
1.091770 1.119040
2.568518 0.259784
1.050596 1.377911
-0.147808 0.901926
1.147355 -0.334764
-0.114159 2.154409
1.239005 0.936861
1.336686 -0.325121
-0.412176 2.163688
1.378438 1.101281
-0.125976 1.282497
0.882182 -0.332163
-0.032153 2.142969
1.208320 0.940388
1.157028 -0.347489
-0.081206 2.150623
1.225231 0.937348
1.239535 -0.339852
-0.191599 2.161351
1.275026 0.943705
1.785983 -0.186540
2.038541 -0.046471
0.409549 -0.148232
-0.761190 2.116128
0.300850 -0.030504
-1.271453 1.950964
-0.267159 2.022331
-0.063021 0.506795
2.297165 0.099681
-0.328024 2.035175
-0.074638 0.539532
2.165438 0.020906
0.737239 -0.307904
-0.120956 2.153806
1.244548 0.937175
1.385328 -0.315530
-0.573856 2.149900
1.059401 1.649244
1.093909 1.113447
2.478252 0.198723
1.098337 1.132862
3.012635 0.582183
-0.462138 2.141349
1.261245 1.427757
1.119081 1.034927
1.476155 -0.293766
-1.008406 2.051958
-0.039323 1.652895
3.114073 0.659717
-1.097113 2.007152
-0.059497 1.880755
-0.060503 1.878673
-0.067900 1.890455
-0.042427 1.838966
-0.265190 2.019948
-0.090173 0.587813
1.983457 -0.078036
0.529513 -0.212460
-0.475821 2.157784
1.354988 1.253993
1.259779 0.945012
1.630065 -0.246665
-2.321905 1.326965
2.634826 0.310169
0.969940 1.542455
1.332153 0.988077
-2.292036 1.320046
2.608642 0.291856
1.006796 1.480627
1.353539 1.255042
1.260433 0.945142
1.638987 -0.243547
-2.423744 1.252424
2.584653 0.276237
1.033356 1.424298
-1.326959 1.935217
-0.347947 2.042704
-0.016387 0.395531
2.792722 0.437441
0.550078 1.910763
1.148452 0.981095
1.146009 -0.348093
-0.070768 2.149264
1.221170 0.937825
1.216339 -0.342464
-0.154572 2.158483
1.256970 0.938791
1.517104 -0.282559
-1.276641 1.950724
-0.268195 2.022664
-0.061558 0.502851
2.313487 0.109821
-0.045144 1.838866
-0.271864 2.022046
-0.083167 0.565285
2.066529 -0.034388
0.392724 -0.139776
-0.803176 2.106785
-0.072092 0.532460
2.193370 0.037138
1.140564 -0.349336
-0.062918 2.148211
1.218172 0.938276
1.200633 -0.344028
-0.132311 2.156407
1.246755 0.937337
1.405937 -0.311037
-0.655603 2.138114
-0.491768 2.167914
1.372870 1.189641
1.376401 1.152053
0.264395 2.091385
1.123996 1.012311
1.272859 -0.335381
-0.254757 2.164576
1.308306 0.961521
2.682397 0.339267
0.887647 1.647447
1.214618 0.943408
1.224121 -0.341620
-0.166452 2.159483
1.262623 0.940002
1.590123 -0.260129
-1.899074 1.615506
-2.628182 1.075390
2.744148 0.391577
0.724014 1.796077
1.155993 0.974675
1.136133 -0.348628
-0.061929 2.148065
1.217819 0.938335
1.198858 -0.344194
-0.129930 2.156170
1.245693 0.937239
1.395727 -0.313295
-0.614027 2.144506
0.616553 1.949858
1.097182 1.087543
2.016878 -0.077283
0.467210 -0.180611
-0.613917 2.142447
0.496688 2.006366
1.103000 1.064821
1.720687 -0.213047
2.844162 0.477554
0.345422 2.010159
1.163005 0.965657
1.103338 -0.349886
-0.037277 2.144479
1.208902 0.940219
1.159137 -0.347352
-0.083341 2.150894
1.226076 0.937268
1.244650 -0.339228
-0.200472 2.161930
1.279535 0.945418
1.871686 -0.148665
1.193037 -0.325742
-0.188199 2.161007
1.273551 0.943189
1.759806 -0.197447
2.351550 0.136346
-0.251533 2.175243
1.282959 0.946671
1.939522 -0.116431
0.751374 -0.293171
-0.152091 2.156861
1.258680 0.939153
1.538597 -0.276255
-1.439872 1.875410
-0.724950 2.051279
-0.076801 1.497149
1.425687 -0.305048
-0.751073 2.120362
0.640877 -0.238827
-0.336805 2.163937
1.355209 1.017405
-0.943527 2.010023
-0.046132 1.853269
-0.170573 1.979887
-0.146308 1.119776
0.887074 -0.328888
-0.039983 2.144157
1.211082 0.939705
1.168136 -0.346732
-0.092819 2.152064
1.229884 0.936989
1.268998 -0.336023
-0.246472 2.164272
1.303815 0.958361
2.518732 0.225787
1.080773 1.249080
-0.630031 2.057391
-0.124937 1.283654
0.882683 -0.332265
-0.031874 2.142928
1.208218 0.940415
1.156636 -0.347514
-0.080813 2.150573
1.225076 0.937363
1.238609 -0.339963
-0.190021 2.161243
1.274231 0.943423
1.771751 -0.192510
2.206350 0.047487
1.493092 -0.289881
-1.108369 2.017657
-0.041920 1.843283
-0.230914 2.007870
-0.126804 0.738570
1.509496 -0.269470
-1.342210 1.921640
-0.425987 2.054557
-0.076513 0.545125
2.143610 0.008406
0.567389 -0.245514
-0.361565 2.163364
1.366387 1.043331
-0.301581 2.029290
-0.076308 0.544437
2.146276 0.009924
0.583596 -0.252870
-0.332213 2.163767
1.353390 1.014006
-1.060397 1.978486
-0.142583 1.964777
-0.124972 1.284872
0.883586 -0.332424
-0.031434 2.142865
1.208058 0.940457
1.156018 -0.347554
-0.080195 2.150495
1.224833 0.937388
1.237159 -0.340136
-0.187568 2.161074
1.273000 0.942999
1.750193 -0.201372
2.470764 0.213869
1.096596 1.142698
-3.045266 0.754111
-1.883794 1.613279
-2.648213 1.060246
2.781074 0.418600
0.608634 1.875794
1.148328 0.981721
1.150417 -0.347836
-0.074922 2.149812
1.222773 0.937618
1.225224 -0.341506
-0.168150 2.159619
1.263442 0.940202
1.601474 -0.256388
-2.013445 1.541367
-3.028607 0.769323
-1.992213 1.543691
-3.023171 0.773462
-2.024448 1.522435
-3.120188 0.699137
-1.420020 1.871927
-0.755168 2.047455
-0.060472 1.561059
1.897447 -0.135706
0.997504 -0.330035
-0.049203 2.145873
1.213795 0.939099
1.179836 -0.345842
-0.106063 2.153616
1.235362 0.936821
1.307963 -0.330101
-0.334406 2.165701
1.350762 1.009338
-1.233174 1.919795
-0.449551 2.056743
-0.101009 0.625774
1.850765 -0.142014
1.269344 -0.316916
-0.324559 2.165664
1.345958 1.001616
-1.551578 1.778175
-1.489825 1.810422
-1.235856 1.920480
-0.444787 2.056315
-0.096603 0.609909
1.905116 -0.116698
0.880710 -0.318879
-0.065305 2.147695
1.220558 0.937930
1.213219 -0.342788
-0.149976 2.158077
1.254821 0.938406
1.491613 -0.289707
-1.103087 2.019573
-0.039261 1.835280
-0.288315 2.026885
-0.067909 0.520256
2.242190 0.066129
2.976832 0.554849
-0.254499 2.142537
1.354921 1.017249
-0.952749 2.007788
-0.050607 1.863397
-0.120332 1.946501
-0.081668 1.479864
1.334955 -0.323815
-0.414645 2.163569
1.378744 1.105288
-0.144341 1.147957
0.872811 -0.327451
-0.044324 2.144740
1.212743 0.939332
1.175256 -0.346202
-0.100753 2.153005
1.233143 0.936856
1.291600 -0.332706
-0.295181 2.165554
1.330308 0.981403
-2.541121 1.138613
2.625412 0.306117
0.982150 1.523444
1.358556 1.029990
-0.619967 2.057752
-0.129449 1.257194
0.868536 -0.329482
-0.039685 2.144046
1.211089 0.939705
1.168179 -0.346729
-0.092866 2.152070
1.229903 0.936988
1.269126 -0.336006
-0.246731 2.164282
1.303954 0.958455
2.523584 0.229067
1.078585 1.262200
-0.442751 2.053999
-0.115001 0.681782
1.671531 -0.216089
-2.983875 0.824413
-2.312232 1.322643
2.622698 0.301691
0.987958 1.513961
1.369351 1.060248
-0.107416 1.933310
-0.053085 1.593821
2.247041 0.052683
2.711448 0.359673
0.822411 1.713363
1.178585 0.957638
1.125555 -0.349140
-0.053148 2.146829
1.214569 0.938932
1.183271 -0.345563
-0.110155 2.154075
1.237091 0.936824
1.321294 -0.327853
-0.369026 2.165181
1.366345 1.043166
-0.304186 2.029969
-0.074861 0.540171
2.162931 0.019461
0.712820 -0.300820
-0.147130 2.156275
1.256638 0.938758
1.513471 -0.283600
-1.250615 1.961807
-0.215955 2.003751
-0.129680 0.754536
1.467417 -0.281044
-1.061260 2.034320
-0.028177 1.765039
-1.120712 1.960191
-0.224172 2.006849
-0.122310 0.715437
1.573150 -0.250131
-1.881293 1.626718
-2.559063 1.127256
2.644487 0.319689
0.951992 1.568345
1.295575 0.957439
2.349253 0.114918
-0.042649 0.453909
2.523620 0.246980
1.073892 1.287393
-0.182569 1.984987
-0.149380 1.070031
0.923980 -0.332425
-0.031337 2.142996
1.207782 0.940526
1.154933 -0.347622
-0.079118 2.150356
1.224409 0.937432
1.234657 -0.340431
-0.183382 2.160777
1.270910 0.942314
1.714944 -0.215392
2.918857 0.533173
-0.003930 2.113053
1.244270 0.937680
1.388712 -0.314810
-0.586694 2.148260
0.955109 1.736032
1.091819 1.120426
2.600549 0.281893
1.019266 1.455907
1.125913 1.585666
1.097348 1.099815
2.246272 0.051542
2.648122 0.314744
0.952437 1.567768
1.296292 0.957857
2.370967 0.128696
1.177699 1.530474
1.102152 1.082074
1.982139 -0.095117
0.568353 -0.230166
-0.401331 2.162207
1.377900 1.095704
-0.094071 1.433034
1.146290 -0.345978
-0.077580 2.150138
1.223843 0.937494
1.231357 -0.340814
-0.177957 2.160379
1.268226 0.941495
1.671988 -0.231667
-2.819711 0.951589
-3.061860 0.752572
-1.818592 1.653606
-2.391950 1.250302
2.563279 0.261430
1.052581 1.371716
-0.148838 1.087818
0.909302 -0.331100
-0.034198 2.143376
1.208879 0.940241
1.159188 -0.347349
-0.083393 2.150900
1.226096 0.937266
1.244776 -0.339213
-0.200693 2.161944
1.279648 0.945464
1.873942 -0.147624
1.175120 -0.327257
-0.164294 2.159185
1.261838 0.939819
1.579470 -0.263578
-1.796068 1.679348
-2.207183 1.381357
2.707395 0.360818
0.827165 1.708898
1.180421 0.956555
1.127190 -0.349072
-0.054439 2.147013
1.215041 0.938839
1.185456 -0.345381
-0.112807 2.154369
1.238221 0.936841
1.330287 -0.326275
-0.393808 2.164438
1.374677 1.074047
-0.032894 1.787400
-0.804606 2.038835
-0.038097 1.660926
-3.030087 0.766251
-1.977171 1.553527
-2.975505 0.810069
-2.297075 1.333596
2.636355 0.311116
0.967650 1.545886
1.327181 0.982572
-2.582950 1.107334
2.674912 0.341486
0.895046 1.639171
1.220879 0.942305
1.256744 -0.337678
-0.222547 2.163192
1.291019 0.950722
2.133742 -0.014048
0.473207 -0.195985
-0.564959 2.148886
1.071136 1.638620
1.094339 1.111763
2.448436 0.178984
1.123650 1.039577
1.572081 -0.265842
-1.727968 1.719911
-1.909946 1.577012
-2.866413 0.893810
-2.832259 0.930671
-2.993529 0.805570
-2.224721 1.385145
2.724055 0.372762
0.785360 1.746468
1.167263 0.965291
1.123562 -0.349211
-0.051629 2.146610
1.214015 0.939044
1.180745 -0.345769
-0.107138 2.153737
1.235814 0.936819
1.311399 -0.329532
-0.343095 2.165628
1.354976 1.016928
-0.959123 2.006217
-0.054006 1.870257
-0.092862 1.921387
-0.037387 1.669682
-2.875671 0.885020
-2.788109 0.964819
3.131685 0.683342
-1.245605 1.950035
-0.272691 2.023990
-0.056922 0.490587
2.364844 0.142235
1.307712 1.352879
1.150318 0.985011
1.189581 -0.344962
-0.118145 2.154947
1.240518 0.936910
1.349280 -0.322776
-0.450184 2.161602
1.375816 1.172208
1.286936 1.388226
1.132524 1.009300
1.300233 -0.331261
-0.315828 2.165729
1.341298 0.994896
-1.858774 1.606642
-2.702187 1.019299
2.899753 0.506740
0.122170 2.084694
1.204828 0.942145
1.150774 -0.347876
-0.075073 2.149832
1.222830 0.937611
1.225549 -0.341470
-0.168662 2.159660
1.263689 0.940264
1.604938 -0.255233
-2.049281 1.517484
-3.136241 0.686912
-1.316640 1.919625
-0.441007 2.056072
-0.091767 0.593267
1.963840 -0.087951
0.596387 -0.242034
-0.352467 2.163618
1.362512 1.033133
-0.503629 2.058067
-0.145968 0.882726
1.182214 -0.332045
-0.154800 2.158415
1.257258 0.938847
1.520628 -0.281543
-1.302313 1.939538
-0.325562 2.037964
-0.016056 0.394819
2.796108 0.439922
0.537946 1.917611
1.148722 0.980697
1.144283 -0.348190
-0.069179 2.149051
1.220561 0.937910
1.213055 -0.342805
-0.149736 2.158055
1.254709 0.938388
1.490321 -0.290060
-1.094838 2.022543
-0.035670 1.822414
-0.396699 2.049333
-0.072153 0.532360
2.193729 0.037348
1.147780 -0.348928
-0.069505 2.149104
1.220669 0.937894
1.213634 -0.342745
-0.150582 2.158131
1.255103 0.938455
1.494892 -0.288808
-1.124245 2.011826
-0.051605 1.866315
-0.107480 1.935584
-0.058925 1.569645
1.980351 -0.095220
0.572852 -0.232121
-0.393220 2.162523
1.376323 1.083536
-0.039705 1.663207
-2.996456 0.792112
-2.174103 1.420653
2.807900 0.433144
0.523918 1.925406
1.149094 0.980174
1.142126 -0.348309
-0.067221 2.148788
1.219815 0.938018
1.209096 -0.343206
-0.144035 2.157534
1.252073 0.937976
1.460721 -0.297883
-0.919414 2.078923
-0.109993 1.358455
0.967157 -0.343254
-0.008022 2.139461
1.199589 0.943049
1.127424 -0.349083
-0.054562 2.147031
1.215085 0.938830
1.185663 -0.345364
-0.113062 2.154397
1.238329 0.936843
1.331164 -0.326118
-0.396288 2.164346
1.375324 1.077493
-0.031040 1.746140
-1.448782 1.828842
-1.094093 1.969871
-0.179251 1.986357
-0.150909 1.010864
0.985623 -0.336514
-0.028884 2.142835
1.206568 0.940851
1.150355 -0.347903
-0.074665 2.149779
1.222672 0.937631
1.224655 -0.341569
-0.167259 2.159548
1.263012 0.940096
1.595482 -0.258371
-1.952487 1.581289
-2.825401 0.925340
-2.998532 0.801713
-2.196423 1.405048
2.768625 0.404703
0.657211 1.844138
1.150013 0.980274
1.148069 -0.347976
-0.072688 2.149518
1.221908 0.937727
1.220388 -0.342034
-0.160669 2.159005
1.259854 0.939372
1.553224 -0.271821
-1.560300 1.813736
-1.182067 1.940389
-0.327656 2.038238
-0.019831 0.402893
2.757800 0.411962
0.666783 1.837546
1.150626 0.979692
1.146771 -0.348052
-0.071470 2.149357
1.221439 0.937789
1.217807 -0.342309
-0.156765 2.158673
1.258003 0.938990
1.529782 -0.278871
-1.370990 1.908391
-0.506364 2.060509
-0.139825 0.823148
1.303357 -0.316464
-0.385804 2.164663
1.372391 1.063621
-0.071312 1.892327
-0.040692 1.833619
-0.305663 2.031533
-0.055719 0.487475
2.378023 0.150675
1.360289 1.038963
-0.439023 2.053465
-0.113889 0.676947
1.686233 -0.210584
3.115132 0.682224
-1.177796 1.977206
-0.151267 1.970635
-0.136148 1.214038
0.859300 -0.326921
-0.046815 2.145050
1.213738 0.939122
1.179685 -0.345854
-0.105887 2.153595
1.235287 0.936821
1.307400 -0.330193
-0.333000 2.165709
1.350064 1.008161
-1.279192 1.901894
-0.564575 2.061277
-0.150332 1.039127
0.953792 -0.334718
-0.028126 2.142610
1.206484 0.940878
1.150068 -0.347920
-0.074391 2.149743
1.222565 0.937644
1.224056 -0.341635
-0.166324 2.159472
1.262561 0.939988
1.589271 -0.260407
-1.890683 1.620814
-2.595722 1.099806
2.692125 0.353860
0.857971 1.678783
1.194857 0.949449
1.152487 -0.347761
-0.076762 2.150052
1.223487 0.937534
1.229298 -0.341049
-0.174624 2.160126
1.266589 0.941029
1.647029 -0.240705
-2.517562 1.182489
2.608721 0.293948
1.005345 1.483337
1.361158 1.231777
1.309376 0.967812
2.866083 0.472510
0.298339 2.028651
1.169286 0.960522
1.097358 -0.350039
-0.033495 2.143896
1.207590 0.940563
1.154083 -0.347676
-0.078280 2.150248
1.224080 0.937468
1.232733 -0.340655
-0.180207 2.160546
1.269335 0.941825
1.689436 -0.225166
-3.038516 0.782115
-1.998163 1.539756
-3.041761 0.759196
-1.912915 1.594884
-2.755822 0.978516
3.046917 0.618289
-0.702681 2.112706
0.495054 -0.169200
-0.625676 2.140818
0.252143 2.095200
1.125476 1.009607
1.256986 -0.337556
-0.223352 2.163232
1.291444 0.950946
2.144837 -0.007780
0.518308 -0.221241
-0.460054 2.158885
1.367649 1.212613
1.349699 1.014078
-1.134979 1.954850
-0.250707 2.016692
-0.088152 0.581165
2.007633 -0.065608
0.465101 -0.179530
-0.618808 2.141736
0.399495 2.045796
1.109849 1.043922
1.507595 -0.285162
-1.210248 1.978474
-0.147050 1.968046
-0.131728 1.244305
0.864152 -0.328465
-0.042564 2.144452
1.212156 0.939462
1.172716 -0.346395
-0.097878 2.152668
1.231954 0.936894
1.283161 -0.333983
-0.276280 2.165201
1.320037 0.971122
-3.091175 0.718792
-1.597012 1.781378
-1.442640 1.832881
-1.062141 1.979712
-0.137986 1.961676
-0.118543 1.319238
0.913787 -0.337206
-0.019040 2.141050
1.203585 0.941734
1.139958 -0.348484
-0.065103 2.148501
1.219011 0.938141
1.204912 -0.343619
-0.138161 2.156979
1.249390 0.937622
1.432298 -0.304925
-0.773495 2.115584
0.216464 0.051198
-1.688601 1.740779
-1.751931 1.671504
-2.286363 1.325881
2.616812 0.297482
0.996176 1.499933
1.377738 1.121605
0.011904 0.338349
3.072642 0.647543
-0.896673 2.069483
-0.088235 1.451440
1.211770 -0.341003
-0.154641 2.158477
1.257026 0.938802
1.517790 -0.282362
-1.281606 1.948580
-0.278842 2.025889
-0.048653 0.469524
2.455169 0.201026
1.107053 1.090663
2.200533 0.024408
1.083195 -0.351280
-0.022595 2.142183
1.203870 0.941632
1.140790 -0.348441
-0.065840 2.148601
1.219289 0.938098
1.206353 -0.343478
-0.140168 2.157170
1.250303 0.937735
1.441780 -0.302628
-0.819888 2.104964
-0.106994 0.648940
1.774262 -0.175452
2.031266 -0.050324
0.418714 -0.153465
-0.736773 2.121189
0.861680 -0.300631
-0.113135 2.153420
1.240253 0.936920
1.347260 -0.323159
-0.443919 2.161995
1.377506 1.158967
0.943024 1.744884
1.091853 1.119880
2.588720 0.273703
1.032078 1.427399
-0.752951 2.128150
1.486118 -0.262597
-1.281454 1.948610
-0.278698 2.025846
-0.048819 0.469938
2.453365 0.199832
1.108491 1.085004
2.112838 -0.025656
0.419150 -0.161234
-0.712891 2.125846
1.887385 -0.114245
0.944110 -0.326310
-0.048796 2.145635
1.213951 0.939071
1.180581 -0.345782
-0.106944 2.153715
1.235731 0.936819
1.310774 -0.329636
-0.341504 2.165644
1.354216 1.015495
-1.007865 1.993514
-0.088416 1.919093
-0.035896 1.678937
-2.704923 1.015682
2.908335 0.513188
0.100008 2.095292
1.225320 0.936840
1.195394 -0.340538
-0.109290 2.157935
1.254375 0.934711
1.391472 -0.310548
-0.588583 2.151273
0.714636 1.902691
1.104903 1.097531
2.217327 0.037244
1.461192 -0.294781
-0.913925 2.083438
-0.082888 1.423428
1.098021 -0.343558
-0.022488 2.146303
1.219709 0.937319
1.163825 -0.343005
-0.071384 2.153386
1.238237 0.934551
1.262746 -0.333023
-0.219853 2.166803
1.309462 0.953417
2.408363 0.155593
1.255202 0.943987
1.511195 -0.280725
-1.234862 1.971138
-0.202315 2.009282
-0.116955 0.731462
1.549805 -0.254112
-1.671450 1.755063
-1.716884 1.694631
-2.197020 1.391191
2.706551 0.362964
0.853233 1.695094
1.193572 0.951851
1.128970 -0.344902
-0.038296 2.148765
1.225388 0.936123
1.189408 -0.341059
-0.101480 2.157062
1.250926 0.934481
1.359987 -0.316993
-0.474145 2.163311
1.353630 1.283785
1.214924 0.945195
1.202787 -0.339850
-0.119390 2.159015
1.258929 0.935178
1.436845 -0.300221
-0.789568 2.115082
-0.066539 0.539974
2.199524 0.043533
1.261410 -0.333938
-0.214340 2.166517
1.306478 0.951609
2.315598 0.096731
-0.129521 1.966590
-0.103708 1.336200
0.923843 -0.334070
0.005122 2.141258
1.211028 0.939782
1.132027 -0.344786
-0.040808 2.149138
1.226323 0.935956
1.193999 -0.340662
-0.107439 2.157731
1.253552 0.934647
1.383740 -0.312186
-0.558739 2.155023
1.036474 1.677860
1.103330 1.114757
2.554326 0.252870
1.075391 1.332668
-0.023030 1.670703
-2.911810 0.859949
-2.571323 1.133314
2.672406 0.342249
0.921969 1.621560
1.240746 0.938769
1.324647 -0.323501
-0.366190 2.168777
1.382602 1.061010
-0.048721 1.887593
-0.036127 1.868624
-0.092669 1.941320
-0.050367 1.549601
1.757111 -0.194247
2.353132 0.140020
-0.121768 2.170931
1.237642 0.934335
1.256347 -0.333866
-0.207380 2.166125
1.302753 0.949496
2.208225 0.031793
1.230989 -0.337717
-0.159394 2.162760
1.277972 0.939152
1.683719 -0.223981
-2.985330 0.825697
-2.248502 1.370839
2.678076 0.342975
0.914191 1.630652
1.233088 0.939397
1.273242 -0.331576
-0.241330 2.167781
1.321184 0.961589
2.838357 0.454811
0.449652 1.970122
1.163505 0.971650
1.118657 -0.345271
-0.030183 2.147536
1.222414 0.936709
1.175523 -0.342172
-0.084505 2.155050
1.243651 0.934343
1.300896 -0.327446
-0.304154 2.169276
1.355245 0.998339
-1.543870 1.785446
-1.508931 1.804511
-1.356514 1.875060
-0.811022 2.043720
-0.016748 1.697681
-2.392749 1.251137
2.563279 0.264316
1.067304 1.361930
-0.122181 1.239564
0.858606 -0.322563
-0.024233 2.145770
1.221700 0.936884
1.172529 -0.342394
-0.081046 2.154620
1.242206 0.934373
1.290254 -0.329095
-0.278836 2.168917
1.341764 0.980913
-2.399723 1.245568
2.562746 0.264025
1.067668 1.360709
-0.117809 1.265903
0.866799 -0.324570
-0.018690 2.144939
1.219643 0.937354
1.163715 -0.343013
-0.071265 2.153371
1.238188 0.934554
1.262426 -0.333065
-0.219220 2.166771
1.309120 0.953204
2.397392 0.148507
1.319702 0.968685
2.996721 0.572824
-0.317468 2.148516
1.389425 1.107527
-0.139239 0.908261
1.147055 -0.330765
-0.096797 2.156417
1.249092 0.934404
1.344205 -0.319997
-0.423444 2.166599
1.388426 1.154937
0.951941 1.745589
1.102350 1.117041
2.590178 0.277511
1.046638 1.420652
-1.234253 1.978130
-0.171554 1.995390
-0.140038 0.930167
1.109107 -0.332704
-0.062039 2.152012
1.234730 0.934830
1.240473 -0.335842
-0.178339 2.164231
1.287535 0.942417
1.852542 -0.154224
1.338544 -0.302022
-0.498463 2.161234
1.309905 1.368881
1.147458 0.998381
1.252316 -0.334299
-0.200077 2.165690
1.298868 0.947458
2.105511 -0.026793
0.406561 -0.145386
-0.727477 2.126156
0.564476 -0.199721
-0.447439 2.163316
1.374130 1.226775
1.317184 0.964031
2.818117 0.439960
0.526175 1.931101
1.158899 0.977019
1.135944 -0.344547
-0.044372 2.149659
1.227662 0.935732
1.200768 -0.340051
-0.116551 2.158717
1.257638 0.935027
1.423524 -0.303378
-0.725695 2.128620
0.786640 -0.280078
-0.141294 2.159900
1.271804 0.937527
1.592618 -0.255888
-1.933073 1.596285
-2.800827 0.946869
-3.049783 0.764513
-1.833668 1.647042
-2.503492 1.171329
2.604415 0.293870
1.027729 1.462672
1.286827 1.404082
1.134617 1.020174
1.381318 -0.312595
-0.550141 2.156024
1.098287 1.622531
1.105271 1.107060
2.416327 0.160841
1.217538 0.948757
1.253727 -0.334186
-0.202474 2.165836
1.300139 0.948107
2.138114 -0.008592
0.487871 -0.198248
-0.504367 2.158672
1.275137 1.422279
1.128957 1.032093
1.470949 -0.291571
-0.974543 2.065540
-0.031776 1.619719
2.541846 0.244940
1.082521 1.301720
-0.057323 1.900824
-0.016619 1.806719
-0.571030 2.065918
-0.132346 1.159151
0.867657 -0.322066
-0.024791 2.145889
1.221847 0.936851
1.173171 -0.342347
-0.081782 2.154712
1.242512 0.934365
1.292482 -0.328756
-0.284015 2.169017
1.344568 0.984162
-2.229515 1.366871
2.660821 0.330752
0.946722 1.591026
1.271133 0.941537
1.641994 -0.239115
-2.473623 1.217770
2.595184 0.286910
1.038343 1.440045
0.787719 1.858871
1.103400 1.106597
2.378737 0.136617
1.368902 1.237688
1.298022 0.952443
2.192234 0.022437
0.936190 -0.340480
0.020249 2.138675
1.205981 0.941567
1.117234 -0.345369
-0.028960 2.147347
1.221971 0.936804
1.173544 -0.342320
-0.082211 2.154766
1.242691 0.934361
1.293789 -0.328556
-0.287083 2.169070
1.346221 0.986160
-2.126791 1.437412
2.814901 0.440875
0.531768 1.928052
1.158685 0.977298
1.136992 -0.344496
-0.045297 2.149794
1.228011 0.935676
1.202572 -0.339883
-0.119046 2.158979
1.258772 0.935159
1.435206 -0.300615
-0.781473 2.116901
-0.028842 0.441388
2.624148 0.319019
0.994176 1.522913
1.363446 1.017107
-0.884903 2.027752
-0.015700 1.809499
-0.535166 2.066066
-0.140679 1.041258
0.956172 -0.330381
-0.007741 2.143507
1.215243 0.938494
1.146448 -0.344067
-0.053784 2.151005
1.231258 0.935213
1.220109 -0.338133
-0.144807 2.161490
1.270850 0.937280
1.579228 -0.260217
-1.801457 1.678591
-2.284665 1.330003
2.610704 0.296064
1.021582 1.474858
1.359870 1.265787
1.242888 0.940340
1.358673 -0.317243
-0.469798 2.163643
1.359083 1.270475
1.233388 0.941138
1.292959 -0.328675
-0.285167 2.169038
1.345190 0.984906
-2.191084 1.393519
2.710212 0.365549
0.844700 1.703324
1.189998 0.953828
1.124508 -0.345082
-0.034669 2.148220
1.224049 0.936376
1.183023 -0.341588
-0.093481 2.156133
1.247460 0.934356
1.330647 -0.322455
-0.383115 2.168304
1.387214 1.084421
-0.039737 1.594913
2.213566 0.035708
1.370647 -0.315533
-0.507475 2.160463
1.287433 1.404327
1.134039 1.021337
1.389528 -0.310866
-0.581496 2.152202
0.809947 1.845115
1.102971 1.109349
2.430498 0.170072
1.170239 0.978727
1.217984 -0.338296
-0.141749 2.161211
1.269382 0.936952
1.559640 -0.266379
-1.620981 1.783382
-1.494564 1.811625
-1.300174 1.898793
-0.640056 2.064221
-0.102066 1.342508
0.931924 -0.335101
0.007150 2.140941
1.210302 0.940022
1.129727 -0.344888
-0.038871 2.148850
1.225601 0.936084
1.190444 -0.340971
-0.102810 2.157213
1.251508 0.934512
1.365139 -0.315980
-0.491623 2.161884
1.324986 1.342605
1.161511 0.980455
1.179486 -0.341804
-0.089404 2.155646
1.245720 0.934334
1.316747 -0.324856
-0.344659 2.169171
1.374534 1.035521
-0.364121 2.050932
-0.072949 0.558997
2.124487 0.000422
0.476596 -0.191601
-0.531843 2.155948
1.163647 1.557501
1.109167 1.091337
2.156161 0.001731
0.577842 -0.244521
-0.317808 2.167389
1.365840 1.016258
-0.858471 2.033152
-0.012139 1.775930
-0.976377 2.006829
-0.058385 1.907392
-0.013010 1.765473
-1.144963 1.956042
-0.279053 2.035016
-0.029817 0.443423
2.614737 0.312427
1.007325 1.500900
1.386508 1.093156
-0.078026 1.447826
1.177176 -0.340020
-0.093150 2.156079
1.247347 0.934354
1.329731 -0.322617
-0.380494 2.168387
1.386622 1.080582
-0.025658 1.657825
3.140416 0.682547
-1.207461 1.968539
-0.214425 2.014069
-0.103059 0.666274
1.744899 -0.184435
2.359154 0.143831
1.046210 1.668770
1.103761 1.112886
2.519483 0.229200
1.093081 1.242047
-0.669246 2.060190
-0.078759 1.440465
1.151580 -0.341661
-0.065451 2.152584
1.235881 0.934724
1.247575 -0.334978
-0.191007 2.165111
1.294094 0.945174
1.991034 -0.087607
0.534029 -0.208469
-0.442482 2.163526
1.377416 1.214946
1.344675 0.990097
-2.046006 1.491255
2.985250 0.566996
-0.260864 2.146893
1.375240 1.037849
-0.322423 2.042984
-0.060531 0.522350
2.271019 0.086348
-1.525780 1.794253
-1.439500 1.837763
-1.094924 1.973645
-0.188727 2.003170
-0.131274 0.824249
1.316259 -0.310559
-0.408711 2.167272
1.389981 1.126784
1.085760 -0.315206
-0.101079 2.156731
1.251306 0.934507
1.363403 -0.316323
-0.485682 2.162386
1.336042 1.321603
1.176352 0.966305
1.147825 -0.343949
-0.055231 2.151207
1.231820 0.935143
1.223289 -0.337793
-0.149780 2.161934
1.273258 0.937860
1.612748 -0.249203
-2.143329 1.455866
2.883748 0.491516
0.252322 2.050675
1.189125 0.950773
1.095660 -0.345926
-0.014221 2.145003
1.216765 0.938063
1.152051 -0.343748
-0.059219 2.151759
1.233378 0.934964
1.232328 -0.336791
-0.164441 2.163167
1.280494 0.939928
1.724833 -0.208226
2.770885 0.426266
0.651570 1.855932
1.158263 0.978763
1.146493 -0.344003
-0.054020 2.151037
1.231350 0.935201
1.220630 -0.338078
-0.145615 2.161563
1.271240 0.937370
1.584533 -0.258513
-1.852799 1.647041
-2.496182 1.176766
2.598926 0.289978
1.034012 1.449546
1.092716 1.627237
1.105192 1.107273
2.419668 0.163013
1.204317 0.954002
1.213363 -0.338805
-0.134658 2.160543
1.266012 0.936273
1.516967 -0.279089
-1.276496 1.953514
-0.289123 2.037894
-0.018900 0.418416
2.731186 0.395222
0.772437 1.767076
1.170101 0.967919
1.125462 -0.345021
-0.035504 2.148346
1.224356 0.936317
1.184469 -0.341470
-0.095264 2.156343
1.248226 0.934375
1.336946 -0.321327
-0.401496 2.167628
1.389824 1.113737
-0.067945 0.542941
2.187544 0.036521
1.023027 -0.346389
0.018694 2.139254
1.206012 0.941547
1.117249 -0.345369
-0.028972 2.147349
1.221974 0.936803
1.173562 -0.342318
-0.082232 2.154768
1.242700 0.934361
1.293853 -0.328546
-0.287235 2.169073
1.346302 0.986260
-2.121698 1.440851
2.824372 0.447781
0.496831 1.946619
1.160331 0.975250
1.129729 -0.344832
-0.039043 2.148875
1.225665 0.936072
1.190761 -0.340944
-0.103218 2.157259
1.251687 0.934523
1.366736 -0.315662
-0.497135 2.161403
1.313344 1.363093
1.150197 0.994468
1.233757 -0.336547
-0.167129 2.163380
1.281843 0.940368
1.747777 -0.199081
2.479443 0.222269
1.104428 1.159353
-2.552262 1.133150
2.652389 0.328017
0.958528 1.575411
1.289782 0.947469
1.971526 -0.097466
0.601956 -0.238528
-0.319245 2.167473
1.366366 1.017279
-0.826058 2.039247
-0.012988 1.731336
-1.742824 1.678675
-2.309805 1.312090
2.592650 0.283756
1.041763 1.432250
0.314384 2.080218
1.129859 1.017076
1.315232 -0.325009
-0.341088 2.169213
1.373013 1.031713
-0.442878 2.060812
-0.121181 0.755332
1.484867 -0.272916
-1.169325 1.997484
-0.097393 1.947982
-0.067920 1.483601
1.327901 -0.321320
-0.382714 2.168312
1.387130 1.083856
-0.037354 1.604699
2.334532 0.109272
-0.043384 1.582251
2.068566 -0.046118
0.392210 -0.131586
-0.783564 2.114333
-0.068097 0.544584
2.181136 0.032791
0.921916 -0.338916
0.017243 2.139155
1.207033 0.941173
1.120106 -0.345269
-0.031149 2.147684
1.222763 0.936636
1.177096 -0.342053
-0.086352 2.155276
1.244427 0.934336
1.306758 -0.326507
-0.318733 2.169334
1.362623 1.010279
-1.062260 1.982050
-0.149941 1.983615
-0.138092 1.096254
0.904981 -0.326014
-0.014281 2.144380
1.217837 0.937798
1.156362 -0.343488
-0.063555 2.152348
1.235091 0.934794
1.242664 -0.335579
-0.182192 2.164507
1.289516 0.943204
1.892240 -0.135950
1.026007 -0.326906
-0.035756 2.148077
1.224978 0.936206
1.187498 -0.341220
-0.099053 2.156784
1.249866 0.934432
1.350783 -0.318764
-0.444071 2.165415
1.380858 1.200941
1.374494 1.043467
-0.257586 2.026041
-0.088666 0.610877
1.931706 -0.100883
0.728221 -0.281869
-0.151890 2.160641
1.277406 0.939013
1.675213 -0.227137
-2.878098 0.908789
-2.785070 0.969635
-3.124461 0.706740
-1.360170 1.902889
-0.598967 2.066452
-0.124245 1.221827
0.856230 -0.321718
-0.026512 2.146111
1.222547 0.936703
1.176307 -0.342113
-0.085423 2.155163
1.244036 0.934339
1.303795 -0.326984
-0.311305 2.169318
1.358910 1.004008
-1.303116 1.895912
-0.661160 2.062675
-0.089327 1.398032
1.031784 -0.342905
0.006417 2.141410
1.209999 0.940114
1.128714 -0.344931
-0.038029 2.148725
1.225288 0.936141
1.188925 -0.341101
-0.100864 2.156991
1.250656 0.934467
1.357619 -0.317454
-0.466272 2.163905
1.363083 1.260035
1.250082 0.940308
1.419075 -0.304405
-0.705335 2.132540
1.582742 -0.231162
-2.107491 1.480481
2.963337 0.550689
-0.140823 2.137788
1.320428 0.961401
2.817490 0.439499
0.528467 1.929858
1.158805 0.977139
1.136389 -0.344526
-0.044765 2.149716
1.227809 0.935708
1.201530 -0.339980
-0.117603 2.158828
1.258114 0.935081
1.428402 -0.302234
-0.748587 2.123983
0.287315 -0.010310
-1.312860 1.935612
-0.388928 2.057240
-0.054411 0.505478
2.341326 0.130001
-0.003539 0.384563
2.893818 0.514728
0.168800 2.076899
1.206936 0.942068
1.126773 -0.345009
-0.036443 2.148487
1.224701 0.936251
1.186107 -0.341336
-0.097304 2.156581
1.249107 0.934402
1.344317 -0.319976
-0.423791 2.166581
1.388355 1.155646
0.984804 1.719984
1.102616 1.116744
2.587716 0.275810
1.049017 1.414728
-2.616328 1.115673
2.729235 0.383205
0.792188 1.750619
1.174081 0.964658
1.121633 -0.345175
-0.032447 2.147882
1.223236 0.936539
1.179254 -0.341886
-0.088915 2.155587
1.245511 0.934334
1.315114 -0.325130
-0.340326 2.169222
1.372682 1.030913
-0.460551 2.062213
-0.129674 0.812028
1.344146 -0.305494
-0.494174 2.161625
1.319483 1.352471
1.155725 0.987218
1.203213 -0.339750
-0.120192 2.159098
1.259294 0.935224
1.440693 -0.299290
-0.808826 2.110635
-0.119951 0.748828
1.502213 -0.268118
-1.289407 1.947895
-0.319207 2.045013
-0.011528 0.402263
2.808189 0.451304
0.527461 1.930358
1.158895 0.977034
1.136041 -0.344543
-0.044458 2.149672
1.227693 0.935727
1.200934 -0.340036
-0.116781 2.158741
1.257741 0.935039
1.424579 -0.303132
-0.730601 2.127646
0.650614 -0.237202
-0.298183 2.167511
1.355631 0.998945
-1.517606 1.798577
-1.405018 1.853590
-0.972690 2.008900
-0.052861 1.899953
-0.016226 1.804210
-0.600247 2.065101
-0.120052 1.248589
0.860480 -0.323104
-0.022756 2.145549
1.221149 0.937006
1.170124 -0.342569
-0.078319 2.154277
1.241075 0.934409
1.282165 -0.330301
-0.260553 2.168454
1.331757 0.970616
-2.955418 0.825863
-2.345120 1.301397
2.594835 0.285465
1.039380 1.437716
0.674850 1.924605
1.106123 1.091174
2.113261 -0.022410
0.418847 -0.154321
-0.689243 2.133391
2.091717 -0.007896
0.412521 -0.149630
-0.709123 2.129714
1.122658 -0.314466
-0.130249 2.159883
1.264413 0.935991
1.497853 -0.284459
-1.142659 2.007741
-0.066134 1.917411
-0.016421 1.707170
-2.212230 1.379397
2.683049 0.346350
0.904337 1.641838
1.224492 0.940756
1.225773 -0.337516
-0.153758 2.162280
1.275200 0.938368
1.641114 -0.239428
-2.463269 1.225487
2.591793 0.284450
1.041949 1.431805
0.277140 2.091982
1.134397 1.008241
1.260082 -0.333280
-0.214985 2.166547
1.306833 0.951819
2.326319 0.103408
-0.018268 1.801258
-0.643992 2.062766
-0.095987 1.369780
0.974195 -0.339468
0.012715 2.140133
1.208221 0.940737
1.123433 -0.345145
-0.033750 2.148081
1.223711 0.936443
1.181449 -0.341714
-0.091561 2.155905
1.246637 0.934343
1.324009 -0.323617
-0.364398 2.168819
1.382013 1.058712
-0.063131 1.907923
-0.013153 1.771127
-1.055002 1.984854
-0.137945 1.976549
-0.129383 1.185926
0.859444 -0.321370
-0.027093 2.146212
1.222740 0.936662
1.177177 -0.342047
-0.086448 2.155288
1.244467 0.934335
1.307065 -0.326457
-0.319511 2.169334
1.363004 1.010958
-1.037823 1.989288
-0.119475 1.964453
-0.106018 1.325220
0.910981 -0.332295
0.001257 2.141863
1.212407 0.939342
1.136553 -0.344577
-0.044728 2.149711
1.227794 0.935710
1.201452 -0.339988
-0.117495 2.158816
1.258065 0.935076
1.427896 -0.302354
-0.746185 2.124481
0.325516 -0.043939
-1.147000 2.004110
-0.076292 1.928467
-0.029088 1.635784
2.779135 0.412134
0.658299 1.851514
1.158458 0.978603
1.146291 -0.344015
-0.053828 2.151010
1.231275 0.935211
1.220210 -0.338122
-0.144964 2.161504
1.270925 0.937297
1.580247 -0.259891
-1.811239 1.672637
-2.325780 1.300775
2.583630 0.277666
1.050555 1.410761
2.651378 0.346545
0.942738 1.596017
1.265794 0.940443
1.569965 -0.263154
-1.714345 1.730399
-1.906701 1.582073
-2.896201 0.873645
-2.650974 1.072738
2.800762 0.435658
0.572793 1.904889
1.157576 0.978865
1.143449 -0.344167
-0.051160 2.150634
1.230246 0.935347
1.214496 -0.338716
-0.136259 2.160696
1.266767 0.936416
1.526266 -0.276404
-1.346055 1.922595
-0.467116 2.065017
-0.121705 0.758462
1.476605 -0.275142
-1.115487 2.017857
-0.041475 1.882872
-0.043514 1.882394
-0.046731 1.887735
-0.034341 1.864869
-0.108824 1.954619
-0.080324 1.435824
1.136182 -0.342420
-0.051122 2.150608
1.230268 0.935344
1.214623 -0.338703
-0.136450 2.160714
1.266857 0.936433
1.527384 -0.276078
-1.354619 1.918663
-0.491757 2.066332
-0.133976 0.849263
1.261762 -0.319071
-0.274125 2.168756
1.339322 0.978224
-2.543054 1.139952
2.641803 0.320463
0.976037 1.550786
1.323170 0.967437
3.039317 0.605019
-0.568109 2.135825
-0.236758 2.178437
1.294703 0.945268
2.001549 -0.082230
0.502841 -0.193015
-0.507829 2.158401
1.264847 1.436674
1.125499 1.040241
1.540435 -0.272122
-1.458706 1.868734
-0.834819 2.039596
-0.012867 1.732790
-1.715449 1.694223
-2.201011 1.388431
2.701050 0.359067
0.865774 1.682680
1.199503 0.948911
1.139372 -0.344424
-0.047285 2.150081
1.228763 0.935560
1.206514 -0.339508
-0.124598 2.159550
1.261316 0.935497
1.462497 -0.293852
-0.925240 2.080218
-0.071750 1.466677
1.251054 -0.332742
-0.204289 2.165935
1.301121 0.948621
2.164009 0.006129
0.631048 -0.267084
-0.230311 2.165496
1.319203 0.960112
2.758587 0.396634
0.721937 1.806583
1.162921 0.974376
1.137145 -0.344494
-0.045418 2.149811
1.228056 0.935669
1.202808 -0.339861
-0.119376 2.159013
1.258921 0.935177
1.436772 -0.300239
-0.789204 2.115164
-0.065068 0.535662
2.216844 0.053754
1.759477 -0.194781
2.338603 0.130843
-0.075992 0.567152
2.092925 -0.017123
0.405068 -0.144140
-0.732666 2.125122
0.451953 -0.136872
-0.715212 2.128671
0.918616 -0.304791
-0.070476 2.152523
1.239245 0.934508
1.269666 -0.332081
-0.233856 2.167468
1.317085 0.958529
2.675366 0.337058
0.923546 1.619723
1.242315 0.938707
1.336362 -0.321428
-0.399787 2.167697
1.389707 1.110825
-0.116182 0.725781
1.565775 -0.249141
-1.817848 1.668584
-2.353467 1.280928
2.571962 0.269885
1.060687 1.382760
-0.078145 0.574550
2.064815 -0.032444
0.391639 -0.131879
-0.783171 2.114419
-0.066561 0.540032
2.199288 0.043395
1.256001 -0.334654
-0.203864 2.165922
1.300868 0.948487
2.157281 0.002282
0.584526 -0.247540
-0.305964 2.167358
1.360024 1.005866
-1.229392 1.925027
-0.464412 2.064683
-0.120927 0.753884
1.488707 -0.271868
-1.195072 1.987328
-0.133919 1.974377
-0.126279 1.209233
0.856310 -0.321417
-0.027243 2.146223
1.222814 0.936647
1.177517 -0.342021
-0.086849 2.155337
1.244636 0.934335
1.308357 -0.326247
-0.322791 2.169331
1.364603 1.013875
-0.936497 2.016125
-0.034420 1.868766
-0.089724 1.938673
-0.045005 1.570113
1.944812 -0.109816
0.714281 -0.277826
-0.166808 2.161826
1.284967 0.941481
1.804087 -0.175591
1.815236 -0.151563
1.553170 -0.249285
-1.736217 1.717583
-2.003210 1.520928
3.101123 0.654595
-0.962089 2.054239
-0.017581 1.690647
-2.527896 1.151752
2.625861 0.309109
0.999994 1.513459
1.375333 1.044250
-0.239466 2.020116
-0.104486 0.672350
1.725594 -0.192167
2.598210 0.303241
1.026603 1.464840
1.304559 1.376348
1.144834 1.002332
1.272412 -0.331611
-0.239913 2.167723
1.320405 0.960991
2.806299 0.431314
0.568513 1.907396
1.157627 0.978771
1.142978 -0.344192
-0.050723 2.150572
1.230078 0.935370
1.213576 -0.338809
-0.134887 2.160565
1.266118 0.936293
1.518275 -0.278715
-1.286102 1.949354
-0.311291 2.043257
-0.011583 0.402377
2.807639 0.450901
0.529469 1.929267
1.158814 0.977138
1.136428 -0.344524
-0.044799 2.149721
1.227822 0.935706
1.201597 -0.339974
-0.117695 2.158837
1.258155 0.935086
1.428829 -0.302134
-0.750621 2.123559
0.257072 0.018439
-1.458227 1.867022
-0.848311 2.037050
-0.011904 1.752032
-1.366229 1.869733
-0.851346 2.036360
-0.011815 1.756815
-1.283823 1.904331
-0.602126 2.066232
-0.122511 1.233222
0.857308 -0.322187
-0.025270 2.145925
1.222085 0.936801
1.174239 -0.342268
-0.083015 2.154865
1.243026 0.934354
1.296253 -0.328175
-0.292929 2.169157
1.349345 0.990124
-1.928331 1.566816
-2.975050 0.813057
-2.244366 1.373809
2.683216 0.346589
0.903867 1.642362
1.224111 0.940832
1.223898 -0.337720
-0.150771 2.162021
1.273740 0.937983
1.619677 -0.246853
-2.219034 1.402962
2.746471 0.391582
0.751154 1.784201
1.166557 0.971021
1.130502 -0.344805
-0.039670 2.148968
1.225898 0.936031
1.191902 -0.340846
-0.104697 2.157425
1.252337 0.934563
1.372590 -0.314485
-0.517737 2.159475
1.255533 1.449273
1.122849 1.047014
1.603616 -0.252163
-2.047116 1.521384
3.118874 0.668202
-1.075983 2.017602
-0.040157 1.880386
-0.050091 1.892952
-0.025060 1.841373
-0.246698 2.023825
-0.084013 0.594711
1.989921 -0.071808
0.506537 -0.194953
-0.499636 2.159157
1.289344 1.401446
1.134950 1.019545
1.377055 -0.313477
-0.534378 2.157766
1.187414 1.531756
1.111378 1.082959
2.031622 -0.066523
0.434038 -0.155366
-0.672855 2.136314
-3.107741 0.736707
-1.525786 1.821866
-1.199408 1.937946
-0.383360 2.056297
-0.051811 0.498490
2.370962 0.148836
1.381054 1.189683
1.387955 1.133586
2.528322 0.261379
1.082446 1.301644
-0.057971 1.901703
-0.015939 1.802356
-0.622293 2.064086
-0.108515 1.311621
0.897161 -0.330186
-0.003791 2.142651
1.214216 0.938796
1.142796 -0.344264
-0.050362 2.150522
1.229939 0.935389
1.212817 -0.338886
-0.133759 2.160457
1.265587 0.936194
1.511810 -0.280558
-1.239193 1.969336
-0.210630 2.012647
-0.107209 0.684228
1.688531 -0.206513
3.067535 0.648197
-0.812899 2.093571
-0.132094 1.160423
0.867113 -0.322010
-0.024966 2.145914
1.221913 0.936837
1.173467 -0.342325
-0.082124 2.154755
1.242654 0.934362
1.293521 -0.328597
-0.286454 2.169060
1.345881 0.985745
-2.147989 1.423038
2.777342 0.413628
0.659422 1.850754
1.158513 0.978551
1.146183 -0.344021
-0.053725 2.150996
1.231236 0.935216
1.219986 -0.338146
-0.144618 2.161473
1.270758 0.937259
1.577988 -0.260613
-1.789604 1.685770
-2.234383 1.365330
2.659462 0.329816
0.949115 1.587923
1.274665 0.942406
1.694471 -0.219938
-3.122277 0.719855
-1.413219 1.878003
-0.773378 2.049830
-0.028521 1.634997
2.768943 0.404741
0.690053 1.829704
1.160185 0.976983
1.142860 -0.344201
-0.050604 2.150555
1.230033 0.935376
1.213328 -0.338834
-0.134518 2.160530
1.265945 0.936260
1.516153 -0.279322
-1.270552 1.956071
-0.275802 2.034334
-0.028340 0.439957
2.630670 0.323598
0.984479 1.538108
1.341731 0.985419
-2.262643 1.343668
2.626213 0.306710
1.001431 1.511074
1.377964 1.052240
-0.134287 1.970606
-0.113538 1.286986
0.877966 -0.326838
-0.012497 2.143997
1.217368 0.937922
1.154543 -0.343599
-0.061709 2.152099
1.234359 0.934863
1.238198 -0.336112
-0.174391 2.163939
1.285517 0.941655
1.813871 -0.171361
1.710913 -0.194495
2.747573 0.409326
0.723036 1.805700
1.163111 0.974193
1.136724 -0.344514
-0.045045 2.149757
1.227915 0.935691
1.202077 -0.339929
-0.118359 2.158907
1.258458 0.935121
1.431952 -0.301393
-0.765605 2.120380
0.083650 0.230753
-2.591267 1.127268
2.695848 0.359064
0.873118 1.675213
1.203428 0.947189
1.148312 -0.343951
-0.055608 2.151260
1.231966 0.935125
1.224122 -0.337703
-0.151099 2.162050
1.273900 0.938024
1.621996 -0.246061
-2.244729 1.384756
2.709451 0.365197
0.846260 1.701831
1.190627 0.953468
1.125195 -0.345055
-0.035218 2.148303
1.224251 0.936337
1.183971 -0.341511
-0.094648 2.156271
1.247961 0.934368
1.334755 -0.321722
-0.395033 2.167885
1.389239 1.102932
-0.137816 1.106509
0.897467 -0.325250
-0.016071 2.144637
1.218518 0.937626
1.159087 -0.343316
-0.066366 2.152725
1.236213 0.934696
1.249660 -0.334719
-0.194824 2.165360
1.296096 0.946102
2.037527 -0.063506
0.424215 -0.149660
-0.698688 2.131692
1.583072 -0.231058
-2.110872 1.478168
2.955416 0.544766
-0.098524 2.132706
1.300526 0.948727
2.156688 0.001944
0.580785 -0.245857
-0.312560 2.167384
1.363301 1.011525
-1.018058 1.994928
-0.097699 1.947828
-0.067080 1.486772
1.343587 -0.318526
-0.429118 2.166290
1.387036 1.166866
1.281552 1.411708
1.132390 1.024653
1.413319 -0.305629
-0.680161 2.137121
3.133683 0.704581
-1.256679 1.948335
-0.318272 2.044758
-0.012565 0.404503
2.797431 0.443412
0.566096 1.908745
1.157724 0.978643
1.142482 -0.344218
-0.050263 2.150507
1.229902 0.935394
1.212617 -0.338906
-0.133462 2.160428
1.265448 0.936169
1.510131 -0.281033
-1.227244 1.974290
-0.188092 2.003148
-0.130681 0.819399
1.327230 -0.308623
-0.440855 2.165571
1.382452 1.193613
1.385108 1.085887
-0.038325 1.600680
2.283823 0.077886
-1.323444 1.887199
-0.723532 2.056447
-0.052113 1.540974
1.687424 -0.221492
-3.044338 0.780017
-1.903793 1.603276
-2.768219 0.971771
3.120990 0.677684
-1.116249 2.003320
-0.077156 1.929254
-0.030238 1.630605
2.699332 0.354713
0.873229 1.675127
1.203440 0.947184
1.148346 -0.343949
-0.055641 2.151264
1.231979 0.935124
1.224196 -0.337695
-0.151216 2.162060
1.273958 0.938039
1.622828 -0.245776
-2.254004 1.378155
2.697279 0.356583
0.873958 1.674366
1.203871 0.947006
1.149426 -0.343888
-0.056685 2.151409
1.232386 0.935075
1.226534 -0.337440
-0.154952 2.162382
1.275788 0.938528
1.649923 -0.236309
-2.567666 1.147104
2.665747 0.337386
0.934765 1.606104
1.255179 0.939041
1.449423 -0.297142
-0.853950 2.099560
-0.136370 1.115508
0.890952 -0.324553
-0.017810 2.144888
1.219180 0.937464
1.161782 -0.343141
-0.069199 2.153100
1.237352 0.934610
1.256952 -0.333787
-0.208541 2.166191
1.303373 0.949837
2.225488 0.041988
1.713667 -0.213066
2.919494 0.536115
0.038294 2.109339
1.245141 0.934921
1.318399 -0.324576
-0.349087 2.169109
1.376356 1.040402
-0.275911 2.031465
-0.075066 0.565532
2.099249 -0.013635
0.413814 -0.150629
-0.704920 2.130507
1.292933 -0.299190
-0.414825 2.166938
1.389637 1.138542
-1.352425 1.926178
-0.443697 2.063304
-0.104792 0.673884
1.720764 -0.194074
2.658903 0.345827
0.934680 1.606145
1.255231 0.939045
1.449940 -0.297013
-0.856679 2.098861
-0.134832 1.133212
0.880072 -0.323380
-0.020952 2.145341
1.220376 0.937180
1.166787 -0.342803
-0.074607 2.153804
1.239550 0.934476
1.271572 -0.331816
-0.237807 2.167637
1.319251 0.960117
2.759681 0.397425
0.718737 1.808963
1.162595 0.974686
1.137806 -0.344461
-0.046006 2.149897
1.228280 0.935634
1.203969 -0.339751
-0.120998 2.159182
1.259663 0.935271
1.444594 -0.298337
-0.828737 2.105861
-0.139793 0.929531
1.110108 -0.332664
-0.062833 2.152120
1.235043 0.934801
1.242394 -0.335612
-0.181714 2.164474
1.289270 0.943104
1.887210 -0.138303
1.061697 -0.327519
-0.049820 2.150206
1.230157 0.935364
1.214054 -0.338760
-0.135597 2.160633
1.266455 0.936356
1.522404 -0.277525
-1.316804 1.935820
-0.387389 2.057035
-0.052854 0.501282
2.359090 0.141260
0.895528 1.786958
1.102339 1.115244
2.549537 0.249601
1.078339 1.320575
-0.014652 1.776152
-0.982977 2.005105
-0.063519 1.913798
-0.014155 1.729579
-1.780602 1.656831
-2.456463 1.205968
2.576268 0.273886
1.056587 1.394574
0.305700 -0.027105
-1.248254 1.960805
-0.220529 2.005627
-0.124691 0.727430
1.539750 -0.260549
-1.580392 1.802951
-1.265735 1.909007
-0.517233 2.060738
-0.144657 0.867758
1.210834 -0.329214
-0.195726 2.161549
1.277277 0.944537
1.827722 -0.168502
1.587899 -0.241591
-2.063905 1.507636
3.105559 0.655372
-1.049554 2.023512
-0.033576 1.812776
-0.491275 2.058388
-0.138543 0.813082
1.325753 -0.312573
-0.448112 2.161691
1.376395 1.168092
1.224030 1.476064
1.109325 1.059467
1.706660 -0.218502
3.023992 0.612576
-0.598887 2.128523
-0.660720 2.145886
0.246346 2.096898
1.126254 1.008230
1.249161 -0.338568
-0.208879 2.162440
1.283866 0.947257
1.962619 -0.105021
0.643946 -0.260212
-0.279046 2.163495
1.325412 0.976288
-2.814437 0.931499
-3.035322 0.773191
-1.980914 1.551068
-2.987590 0.800785
-2.229940 1.381473
2.716505 0.367388
0.804663 1.729545
1.172614 0.961460
1.122736 -0.349250
-0.050974 2.146516
1.213776 0.939093
1.179668 -0.345856
-0.105867 2.153593
1.235278 0.936821
1.307336 -0.330204
-0.332840 2.165710
1.349985 1.008028
-1.284428 1.899799
-0.578527 2.061110
-0.148339 1.087379
0.909457 -0.331108
-0.034179 2.143373
1.208871 0.940243
1.159157 -0.347351
-0.083362 2.150896
1.226084 0.937267
1.244699 -0.339222
-0.200558 2.161935
1.279578 0.945436
1.872561 -0.148261
1.186062 -0.326358
-0.178565 2.160310
1.268767 0.941656
1.680474 -0.228524
-2.925527 0.869645
-2.614250 1.098182
2.714344 0.369846
0.804900 1.729319
1.172707 0.961396
1.122747 -0.349250
-0.050981 2.146517
1.213779 0.939093
1.179681 -0.345855
-0.105882 2.153595
1.235285 0.936821
1.307385 -0.330196
-0.332961 2.165709
1.350045 1.008129
-1.280452 1.901391
-0.567916 2.061250
-0.149992 1.050799
0.941906 -0.333872
-0.028970 2.142698
1.206847 0.940778
1.151413 -0.347839
-0.075681 2.149912
1.223066 0.937583
1.226889 -0.341320
-0.170778 2.159828
1.264715 0.940525
1.619517 -0.250304
-2.204799 1.410576
2.787637 0.418497
0.594983 1.884262
1.148145 0.981811
1.150120 -0.347853
-0.074639 2.149775
1.222662 0.937632
1.224603 -0.341575
-0.167178 2.159541
1.262972 0.940087
1.594941 -0.258549
-1.947041 1.584811
-2.806077 0.940137
-3.070053 0.746283
-1.767776 1.684217
-2.180333 1.399837
2.747619 0.389510
0.720787 1.798545
1.155564 0.975068
1.136909 -0.348588
-0.062600 2.148157
1.218069 0.938293
1.200117 -0.344077
-0.131616 2.156338
1.246444 0.937307
1.402926 -0.311709
-0.643117 2.140119
-0.046325 2.158803
1.191536 0.945848
1.104328 -0.349893
-0.037824 2.144563
1.209092 0.940171
1.159886 -0.347303
-0.084108 2.150990
1.226380 0.937241
1.246517 -0.338996
-0.203777 2.162135
1.281231 0.946115
1.906231 -0.132491
0.943510 -0.326217
-0.048967 2.145658
1.214018 0.939057
1.180884 -0.345758
-0.107302 2.153756
1.235883 0.936819
1.311930 -0.329444
-0.344451 2.165613
1.355619 1.018164
-0.918209 2.015928
-0.036493 1.824181
-0.381600 2.047064
-0.061968 0.504017
2.308660 0.106814
-0.090932 1.915584
-0.031515 1.713426
-2.047010 1.488129
3.013495 0.585539
-0.475602 2.140500
1.217347 1.485303
1.107521 1.064793
1.765928 -0.194828
2.275755 0.089148
-1.144844 1.951228
-0.269359 2.022794
-0.063815 0.508950
2.288288 0.094200
-0.631064 2.056800
-0.122871 1.295077
0.891042 -0.333721
-0.027911 2.142353
1.206777 0.940802
1.151195 -0.347852
-0.075471 2.149884
1.222985 0.937593
1.226426 -0.341372
-0.170044 2.159770
1.264359 0.940433
1.614417 -0.252040
-2.149556 1.449129
2.894898 0.497046
0.160267 2.074249
1.195372 0.945520
1.123220 -0.349256
-0.051270 2.146559
1.213884 0.939071
1.180152 -0.345817
-0.106436 2.153658
1.235519 0.936820
1.309151 -0.329905
-0.337393 2.165680
1.352229 1.011884
-1.136872 1.954215
-0.253937 2.017795
-0.083811 0.567289
2.059008 -0.038448
0.394741 -0.140317
-0.799571 2.107620
-0.056306 0.489288
2.370390 0.145782
1.373357 1.172910
1.264323 1.422184
1.121092 1.030541
1.441519 -0.302592
-0.819204 2.105128
-0.105095 0.641532
1.798364 -0.165201
1.765896 -0.175606
2.097663 -0.014533
0.415550 -0.158583
-0.724153 2.123673
1.330757 -0.296729
-0.536278 2.154165
1.247044 1.447315
1.114411 1.045923
1.571390 -0.266055
-1.721676 1.723590
-1.882125 1.594177
-2.772426 0.965789
3.098829 0.658090
-1.032799 2.029038
-0.029522 1.785545
-0.818419 2.036518
-0.034341 1.683381
-2.618159 1.081380
2.727971 0.379812
0.769213 1.760098
1.163570 0.968167
1.126038 -0.349103
-0.053580 2.146891
1.214727 0.938901
1.184000 -0.345502
-0.111037 2.154173
1.237466 0.936828
1.324252 -0.327340
-0.377046 2.164974
1.369372 1.052487
-0.170744 1.978334
-0.142944 1.157155
0.868994 -0.327080
-0.045527 2.144901
1.213206 0.939233
1.177301 -0.346043
-0.103103 2.153277
1.234122 0.936835
1.298715 -0.331594
-0.311812 2.165712
1.339190 0.992070
-1.995334 1.521219
-3.136515 0.686602
-1.314527 1.920558
-0.435416 2.055516
-0.086381 0.575575
2.028194 -0.054859
0.425784 -0.157500
-0.718136 2.124866
1.615353 -0.223705
-2.447368 1.234898
2.584202 0.276173
1.033679 1.423516
-1.490201 1.856622
-0.856061 2.030923
-0.029006 1.732830
-1.677420 1.712183
-1.995778 1.522655
-3.129261 0.692147
-1.361362 1.899480
-0.567365 2.061360
-0.150129 1.046458
0.946241 -0.334191
-0.028593 2.142655
1.206691 0.940821
1.150831 -0.347874
-0.075121 2.149839
1.222849 0.937609
1.225656 -0.341458
-0.168829 2.159674
1.263771 0.940284
1.606079 -0.254851
-2.061187 1.509484
3.113195 0.661183
-1.098701 2.006586
-0.060734 1.882824
-0.055579 1.869775
-0.096785 1.925420
-0.042304 1.642973
2.944786 0.531658
-0.082522 2.126095
1.275537 0.944344
1.802651 -0.179431
1.850531 -0.138920
1.252232 -0.319234
-0.288542 2.165371
1.326889 0.977761
-2.734830 0.992383
2.988620 0.573856
-0.351420 2.144762
1.379179 1.133217
1.722513 -0.184902
2.538723 0.259675
1.064435 1.329782
-0.031443 1.728855
-1.760380 1.665413
-2.329163 1.295449
2.585751 0.276302
1.032615 1.426083
-0.983151 2.067398
-0.069699 1.523879
1.594040 -0.257632
-1.949741 1.583065
-2.815691 0.932778
-3.035005 0.773432
-1.982798 1.549839
-2.993595 0.796173
-2.196057 1.405319
2.769281 0.405176
0.655145 1.845538
1.149903 0.980377
1.148288 -0.347963
-0.072893 2.149545
1.221988 0.937716
1.220830 -0.341986
-0.161342 2.159062
1.260176 0.939442
1.557395 -0.270536
-1.596063 1.794477
-1.331826 1.882081
-0.699108 2.053949
-0.091513 1.438819
1.165776 -0.344814
-0.096995 2.152547
1.231624 0.936907
1.280856 -0.334324
-0.271267 2.165078
1.317303 0.968697
3.062038 0.619536
-0.763656 2.101021
-0.092261 0.595202
1.956939 -0.091402
0.623115 -0.252552
-0.309768 2.163876
1.341887 0.995740
-1.819346 1.630331
-2.558889 1.127305
2.644303 0.319559
0.952303 1.567915
1.296154 0.957776
2.366759 0.126016
0.792142 1.849559
1.092643 1.111478
2.417045 0.158449
1.199579 0.954544
1.227082 -0.341276
-0.171164 2.159858
1.264904 0.940574
1.622233 -0.249373
-2.234586 1.389543
2.739163 0.383614
0.744556 1.780122
1.158971 0.972022
1.131373 -0.348860
-0.057909 2.147504
1.216321 0.938597
1.191513 -0.344860
-0.120361 2.155183
1.241481 0.936953
1.357519 -0.321189
-0.476442 2.159744
1.361098 1.235715
1.297407 0.959755
2.433495 0.169095
1.149918 0.993811
1.266829 -0.336251
-0.242399 2.164109
1.301618 0.956909
2.444452 0.176280
1.129412 1.026930
1.466186 -0.296383
-0.950536 2.069882
-0.080275 1.482784
1.349550 -0.321136
-0.458666 2.161035
1.372510 1.191287
1.377238 1.137781
2.676206 0.361634
0.871323 1.664907
1.203048 0.946455
1.176741 -0.346076
-0.102489 2.153206
1.233866 0.936840
1.296841 -0.331890
